0, 2044
1, 7140
2, 5099
3, 8699
4, 2560
5, 6627
6, 6249
7, 6043
8, 5666
9, 9008
10, 8129
11, 1614
12, 2564
13, 805
14, 4241
15, 6643
16, 2975
17, 8018
18, 8066
19, 8251
20, 4169
21, 1362
22, 9098
23, 7225
24, 6469
25, 6057
26, 5303
27, 1980
28, 222
29, 7206
30, 9106
31, 5588
32, 2453
33, 7257
34, 9928
35, 0
36, 96
37, 466
38, 2309
39, 6702
40, 2160
41, 8421
42, 6909
43, 6085
44, 4577
45, 7938
46, 4422
47, 8383
48, 2176
49, 5147
50, 8884
51, 8485
52, 3820
53, 3978
54, 4170
55, 4910
56, 8596
57, 7375
58, 8298
59, 806
60, 7789
61, 6141
62, 3125
63, 9847
64, 2815
65, 730
66, 8330
67, 4265
68, 1732
69, 934
70, 1611
71, 1927
72, 2311
73, 3791
74, 1156
75, 8721
76, 560
77, 5590
78, 9549
79, 6253
80, 221
81, 3658
82, 9608
83, 5438
84, 624
85, 2501
86, 7442
87, 5846
88, 7200
89, 7832
90, 8600
91, 1553
92, 6290
93, 1406
94, 5098
95, 5151
96, 3062
97, 6477
98, 4420
99, 1287
100, 3180
101, 4847
102, 5226
103, 8980
104, 8855
105, 5663
106, 8371
107, 9635
108, 1164
109, 7084
110, 6551
111, 6790
112, 4167
113, 4273
114, 95
115, 6925
116, 2811
117, 6552
118, 331
119, 3665
120, 4423
121, 1924
122, 1674
123, 5297
124, 706
125, 3234
126, 6306
127, 8139
128, 7073
129, 7551
130, 2305
131, 2517
132, 4168
133, 7821
134, 9600
135, 7075
136, 4640
137, 1301
138, 2817
139, 7826
140, 7326
141, 4565
142, 5390
143, 439
144, 6583
145, 242
146, 8117
147, 9073
148, 8588
149, 9012
150, 2307
151, 9613
152, 3164
153, 8121
154, 3251
155, 6580
156, 9612
157, 9623
158, 8623
159, 3101
160, 4751
161, 4856
162, 7137
163, 4462
164, 198
165, 2110
166, 1140
167, 1988
168, 8592
169, 3190
170, 299
171, 206
172, 473
173, 7131
174, 3188
175, 3210
176, 1210
177, 173
178, 3473
179, 3683
180, 8245
181, 2895
182, 4374
183, 8198
184, 6258
185, 7954
186, 1148
187, 351
188, 4576
189, 4390
190, 4924
191, 8233
192, 347
193, 391
194, 6398
195, 4324
196, 917
197, 1337
198, 454
199, 9768
200, 2719
201, 360
202, 6487
203, 9879
204, 6274
205, 4680
206, 3123
207, 2751
208, 3819
209, 430
210, 4672
211, 4760
212, 6767
213, 2619
214, 5812
215, 6652
216, 4886
217, 3500
218, 9416
219, 4698
220, 6945
221, 3722
222, 6519
223, 3331
224, 217
225, 9480
226, 1609
227, 4838
228, 3315
229, 3491
230, 7505
231, 9216
232, 5595
233, 7275
234, 3743
235, 971
236, 2796
237, 3367
238, 7861
239, 1415
240, 7009
241, 633
242, 4412
243, 2924
244, 7196
245, 3647
246, 601
247, 953
248, 8981
249, 2396
250, 5161
251, 8521
252, 1457
253, 5920
254, 9570
255, 705
256, 9693
257, 6808
258, 7989
259, 5244
260, 2795
261, 9826
262, 8363
263, 1265
264, 5180
265, 5884
266, 1926
267, 8770
268, 4293
269, 1006
270, 6892
271, 5811
272, 3104
273, 5388
274, 3350
275, 7587
276, 9949
277, 4459
278, 9568
279, 3616
280, 690
281, 6508
282, 4331
283, 5739
284, 7830
285, 1504
286, 2557
287, 5990
288, 7755
289, 5593
290, 179
291, 4747
292, 671
293, 9145
294, 3862
295, 2889
296, 3100
297, 1203
298, 5358
299, 6987
300, 2633
301, 5449
302, 9631
303, 6986
304, 9092
305, 5951
306, 9481
307, 5157
308, 4336
309, 3465
310, 5320
311, 2254
312, 1695
313, 9756
314, 171
315, 6384
316, 4687
317, 7945
318, 9244
319, 4869
320, 3226
321, 7943
322, 2148
323, 5873
324, 2926
325, 4285
326, 2643
327, 901
328, 4611
329, 8486
330, 7368
331, 3476
332, 4320
333, 6739
334, 3345
335, 9861
336, 2452
337, 3709
338, 423
339, 9857
340, 8274
341, 5717
342, 9830
343, 2541
344, 9264
345, 5780
346, 3193
347, 936
348, 8707
349, 923
350, 2611
351, 7449
352, 661
353, 3686
354, 8882
355, 1389
356, 4824
357, 3678
358, 512
359, 5405
360, 3624
361, 9060
362, 2492
363, 5531
364, 357
365, 5850
366, 1378
367, 5824
368, 9200
369, 8869
370, 5300
371, 1343
372, 1728
373, 6756
374, 3619
375, 1327
376, 5002
377, 4781
378, 1219
379, 2084
380, 8962
381, 5033
382, 4692
383, 5671
384, 6734
385, 5619
386, 2364
387, 1702
388, 4571
389, 6664
390, 7434
391, 7483
392, 1209
393, 6632
394, 3975
395, 3533
396, 6416
397, 8146
398, 1888
399, 4037
400, 3355
401, 5313
402, 7439
403, 5209
404, 8706
405, 7382
406, 3113
407, 7299
408, 8839
409, 8937
410, 6396
411, 7235
412, 1921
413, 1037
414, 6803
415, 256
416, 7754
417, 2045
418, 681
419, 4597
420, 8849
421, 4389
422, 1376
423, 8735
424, 197
425, 8569
426, 1642
427, 1838
428, 6763
429, 8441
430, 7820
431, 6052
432, 7577
433, 4490
434, 9479
435, 8068
436, 5340
437, 3165
438, 1662
439, 2749
440, 6730
441, 1434
442, 4372
443, 1102
444, 7262
445, 7654
446, 7497
447, 846
448, 9611
449, 6075
450, 9125
451, 2951
452, 2922
453, 100
454, 4651
455, 301
456, 7302
457, 9476
458, 7431
459, 6846
460, 2715
461, 6182
462, 8495
463, 9279
464, 8965
465, 5670
466, 3186
467, 6121
468, 2214
469, 9880
470, 9822
471, 4178
472, 3273
473, 4580
474, 8575
475, 2916
476, 8833
477, 7663
478, 9408
479, 6335
480, 954
481, 2522
482, 1894
483, 5311
484, 343
485, 6213
486, 8406
487, 3724
488, 3608
489, 2327
490, 517
491, 3131
492, 1114
493, 9810
494, 1630
495, 9297
496, 2780
497, 6641
498, 5886
499, 9022
500, 7766
501, 4593
502, 4664
503, 6397
504, 776
505, 1419
506, 1187
507, 8632
508, 5012
509, 233
510, 6206
511, 3584
512, 7238
513, 2558
514, 9538
515, 7253
516, 5743
517, 2008
518, 9503
519, 3157
520, 3299
521, 6765
522, 5530
523, 6816
524, 6352
525, 1228
526, 3995
527, 4444
528, 6383
529, 1139
530, 8447
531, 9094
532, 3040
533, 8477
534, 5457
535, 7994
536, 2970
537, 285
538, 569
539, 7501
540, 5031
541, 7603
542, 6675
543, 6434
544, 1961
545, 2859
546, 6737
547, 6256
548, 858
549, 2152
550, 51
551, 918
552, 4885
553, 9959
554, 9918
555, 4548
556, 5116
557, 8973
558, 4033
559, 9177
560, 7321
561, 6839
562, 7900
563, 9696
564, 7445
565, 6483
566, 5694
567, 8282
568, 4080
569, 5814
570, 3741
571, 3882
572, 3800
573, 3067
574, 4203
575, 1910
576, 2037
577, 2318
578, 8613
579, 7649
580, 9771
581, 3356
582, 8861
583, 6937
584, 5359
585, 528
586, 2131
587, 5599
588, 1453
589, 1735
590, 1571
591, 105
592, 2377
593, 7798
594, 8052
595, 8614
596, 1190
597, 9269
598, 3506
599, 683
600, 1686
601, 7845
602, 4689
603, 5034
604, 8240
605, 5169
606, 6884
607, 7448
608, 7120
609, 4188
610, 8732
611, 9567
612, 68
613, 1192
614, 6358
615, 2502
616, 983
617, 5344
618, 7350
619, 9661
620, 3349
621, 4039
622, 444
623, 4309
624, 7739
625, 8867
626, 8211
627, 2347
628, 1428
629, 3098
630, 4114
631, 6362
632, 6687
633, 8982
634, 5944
635, 4659
636, 8671
637, 3286
638, 669
639, 2049
640, 4866
641, 2589
642, 9449
643, 1698
644, 386
645, 8672
646, 6834
647, 167
648, 2199
649, 6695
650, 7345
651, 1928
652, 5859
653, 3289
654, 1306
655, 543
656, 5316
657, 8076
658, 3703
659, 9156
660, 2862
661, 7374
662, 4750
663, 1308
664, 7639
665, 4312
666, 8376
667, 7361
668, 8661
669, 7834
670, 5689
671, 549
672, 6590
673, 5064
674, 4603
675, 116
676, 1377
677, 2276
678, 9702
679, 8719
680, 3471
681, 6594
682, 9249
683, 2595
684, 716
685, 8693
686, 1286
687, 9639
688, 5349
689, 5076
690, 7151
691, 4099
692, 3177
693, 4210
694, 6732
695, 8530
696, 3368
697, 1402
698, 913
699, 7159
700, 2462
701, 9168
702, 5410
703, 1350
704, 6550
705, 3242
706, 4669
707, 4123
708, 8273
709, 2169
710, 325
711, 2391
712, 7435
713, 1024
714, 707
715, 6782
716, 5804
717, 8289
718, 8902
719, 2300
720, 4791
721, 6678
722, 7071
723, 455
724, 3309
725, 2217
726, 510
727, 8316
728, 4628
729, 8760
730, 8841
731, 6026
732, 5392
733, 7535
734, 5579
735, 542
736, 1768
737, 8578
738, 3553
739, 7327
740, 8113
741, 4888
742, 589
743, 8412
744, 4998
745, 596
746, 3227
747, 1484
748, 1646
749, 6023
750, 4755
751, 9041
752, 5129
753, 5062
754, 7514
755, 1120
756, 1077
757, 8625
758, 190
759, 3747
760, 5156
761, 788
762, 3967
763, 5170
764, 425
765, 6946
766, 7270
767, 6017
768, 3481
769, 2046
770, 4229
771, 4095
772, 8999
773, 6218
774, 6132
775, 1214
776, 4358
777, 1465
778, 4283
779, 5554
780, 1905
781, 4311
782, 4828
783, 7863
784, 8511
785, 6005
786, 933
787, 8070
788, 2429
789, 2161
790, 1962
791, 6407
792, 6235
793, 6406
794, 2687
795, 6908
796, 2537
797, 5079
798, 7788
799, 2593
800, 3627
801, 9697
802, 986
803, 5981
804, 5844
805, 104
806, 8836
807, 8300
808, 7902
809, 6785
810, 6441
811, 6783
812, 9352
813, 7787
814, 9052
815, 4129
816, 9547
817, 9164
818, 1225
819, 3358
820, 5950
821, 5933
822, 5659
823, 4186
824, 1636
825, 564
826, 9775
827, 7541
828, 6853
829, 7537
830, 2668
831, 9545
832, 2068
833, 2229
834, 3058
835, 2292
836, 6428
837, 687
838, 5871
839, 5837
840, 5289
841, 2343
842, 7250
843, 5106
844, 3514
845, 9053
846, 7677
847, 9045
848, 9314
849, 3054
850, 8114
851, 8436
852, 87
853, 8562
854, 6827
855, 5352
856, 5713
857, 5645
858, 4549
859, 8664
860, 8471
861, 4183
862, 999
863, 2070
864, 9325
865, 2054
866, 2592
867, 79
868, 192
869, 836
870, 4152
871, 1088
872, 7625
873, 4675
874, 5397
875, 5261
876, 3069
877, 1292
878, 906
879, 2337
880, 5976
881, 8118
882, 2614
883, 8086
884, 9162
885, 4136
886, 4362
887, 5650
888, 2275
889, 6154
890, 9221
891, 3321
892, 4765
893, 4493
894, 109
895, 6562
896, 5790
897, 8652
898, 5923
899, 200
900, 9206
901, 136
902, 2288
903, 2243
904, 2695
905, 5271
906, 8528
907, 6279
908, 2406
909, 613
910, 3501
911, 2957
912, 4196
913, 7095
914, 5551
915, 1268
916, 5817
917, 4378
918, 2376
919, 4250
920, 8554
921, 8464
922, 9368
923, 4513
924, 1020
925, 6529
926, 8790
927, 5204
928, 973
929, 9892
930, 2363
931, 8161
932, 5073
933, 6514
934, 5605
935, 2727
936, 8730
937, 2471
938, 1072
939, 892
940, 2700
941, 2997
942, 6018
943, 7029
944, 1544
945, 4379
946, 5924
947, 3748
948, 8704
949, 286
950, 4117
951, 6999
952, 5181
953, 9432
954, 1424
955, 8920
956, 6122
957, 5762
958, 9378
959, 9972
960, 6007
961, 8029
962, 7066
963, 2729
964, 5819
965, 1467
966, 1372
967, 4550
968, 2205
969, 7969
970, 4333
971, 2828
972, 6826
973, 1804
974, 6215
975, 5495
976, 2720
977, 3908
978, 5985
979, 22
980, 8103
981, 9436
982, 5609
983, 6912
984, 6722
985, 3071
986, 8388
987, 9909
988, 2637
989, 9634
990, 7623
991, 7586
992, 6401
993, 4961
994, 9418
995, 1787
996, 5941
997, 4022
998, 170
999, 2836
1000, 5189
1001, 7795
1002, 7415
1003, 113
1004, 740
1005, 3782
1006, 9252
1007, 3232
1008, 9217
1009, 9143
1010, 6773
1011, 3893
1012, 2800
1013, 7552
1014, 5853
1015, 2015
1016, 4318
1017, 9650
1018, 4349
1019, 9561
1020, 8801
1021, 4204
1022, 5458
1023, 1535
1024, 2468
1025, 435
1026, 2398
1027, 2250
1028, 7517
1029, 1757
1030, 9578
1031, 9075
1032, 5677
1033, 8008
1034, 2607
1035, 3264
1036, 2669
1037, 3086
1038, 1566
1039, 2379
1040, 4887
1041, 7048
1042, 8914
1043, 4848
1044, 8774
1045, 8478
1046, 9005
1047, 7492
1048, 3120
1049, 2114
1050, 5325
1051, 9987
1052, 9192
1053, 499
1054, 9316
1055, 143
1056, 7110
1057, 8736
1058, 3745
1059, 8067
1060, 1792
1061, 3667
1062, 1512
1063, 920
1064, 1974
1065, 8955
1066, 211
1067, 8206
1068, 4621
1069, 3938
1070, 2348
1071, 4976
1072, 2596
1073, 4264
1074, 8191
1075, 1436
1076, 1461
1077, 98
1078, 7562
1079, 1305
1080, 7002
1081, 5818
1082, 7926
1083, 1874
1084, 4400
1085, 376
1086, 3213
1087, 1847
1088, 8674
1089, 3923
1090, 9170
1091, 2499
1092, 346
1093, 6850
1094, 6900
1095, 4174
1096, 9095
1097, 6588
1098, 7975
1099, 5607
1100, 9823
1101, 7726
1102, 2771
1103, 4730
1104, 397
1105, 7672
1106, 1312
1107, 1817
1108, 2304
1109, 8976
1110, 4670
1111, 7671
1112, 7771
1113, 2319
1114, 2154
1115, 7147
1116, 9921
1117, 5185
1118, 3610
1119, 9423
1120, 9520
1121, 3431
1122, 4772
1123, 9315
1124, 6602
1125, 7612
1126, 8586
1127, 1916
1128, 3311
1129, 9313
1130, 9513
1131, 8616
1132, 8286
1133, 8265
1134, 3806
1135, 4341
1136, 1191
1137, 2810
1138, 3004
1139, 833
1140, 3515
1141, 2594
1142, 7175
1143, 9195
1144, 1136
1145, 7810
1146, 593
1147, 2590
1148, 2990
1149, 1196
1150, 536
1151, 494
1152, 1583
1153, 2653
1154, 6360
1155, 9598
1156, 9986
1157, 5644
1158, 1001
1159, 9166
1160, 8321
1161, 2354
1162, 6250
1163, 9591
1164, 5164
1165, 9158
1166, 9958
1167, 6370
1168, 5050
1169, 4966
1170, 7144
1171, 9284
1172, 6691
1173, 3160
1174, 3936
1175, 5259
1176, 5980
1177, 2296
1178, 606
1179, 8686
1180, 6471
1181, 3146
1182, 4299
1183, 2280
1184, 3880
1185, 6711
1186, 4071
1187, 3903
1188, 8259
1189, 2532
1190, 7353
1191, 291
1192, 1843
1193, 4489
1194, 5931
1195, 8570
1196, 5190
1197, 1336
1198, 6913
1199, 263
1200, 2569
1201, 8538
1202, 1731
1203, 7393
1204, 2113
1205, 1777
1206, 482
1207, 9042
1208, 8677
1209, 4560
1210, 7664
1211, 2949
1212, 5833
1213, 1104
1214, 4351
1215, 6650
1216, 7797
1217, 4504
1218, 9116
1219, 1040
1220, 7440
1221, 8757
1222, 8204
1223, 7532
1224, 4942
1225, 2048
1226, 1318
1227, 3091
1228, 9299
1229, 9876
1230, 5637
1231, 6186
1232, 2673
1233, 7271
1234, 9565
1235, 2979
1236, 2196
1237, 6058
1238, 8851
1239, 1478
1240, 372
1241, 9035
1242, 3855
1243, 8074
1244, 6614
1245, 153
1246, 2562
1247, 3716
1248, 5245
1249, 6343
1250, 9324
1251, 8513
1252, 3094
1253, 9936
1254, 8370
1255, 6087
1256, 1666
1257, 6934
1258, 4722
1259, 2034
1260, 1681
1261, 112
1262, 7199
1263, 4284
1264, 9102
1265, 1403
1266, 4461
1267, 6657
1268, 2612
1269, 990
1270, 159
1271, 3836
1272, 704
1273, 6145
1274, 7310
1275, 7839
1276, 3415
1277, 8046
1278, 7340
1279, 4202
1280, 8369
1281, 2539
1282, 2168
1283, 6784
1284, 2893
1285, 7285
1286, 9202
1287, 5958
1288, 4296
1289, 1643
1290, 5386
1291, 6261
1292, 8591
1293, 9649
1294, 801
1295, 56
1296, 8651
1297, 2375
1298, 702
1299, 9056
1300, 8314
1301, 7539
1302, 9764
1303, 8541
1304, 2368
1305, 5887
1306, 2563
1307, 7264
1308, 4743
1309, 6493
1310, 1146
1311, 3262
1312, 5580
1313, 4090
1314, 1266
1315, 8728
1316, 5382
1317, 2076
1318, 592
1319, 9049
1320, 3492
1321, 1046
1322, 8714
1323, 5745
1324, 9104
1325, 8499
1326, 3457
1327, 6957
1328, 6270
1329, 495
1330, 5131
1331, 2151
1332, 6510
1333, 1420
1334, 4735
1335, 8130
1336, 5162
1337, 2062
1338, 955
1339, 6070
1340, 1392
1341, 5461
1342, 2172
1343, 962
1344, 885
1345, 7885
1346, 6511
1347, 4968
1348, 4233
1349, 8280
1350, 6991
1351, 6818
1352, 3441
1353, 224
1354, 4295
1355, 8102
1356, 5888
1357, 6111
1358, 6762
1359, 4893
1360, 8322
1361, 5902
1362, 5748
1363, 9741
1364, 6993
1365, 3907
1366, 2437
1367, 524
1368, 7953
1369, 7607
1370, 853
1371, 4426
1372, 2561
1373, 168
1374, 5747
1375, 6193
1376, 7495
1377, 3757
1378, 608
1379, 5775
1380, 5467
1381, 3446
1382, 7957
1383, 1785
1384, 8852
1385, 5026
1386, 9877
1387, 9185
1388, 5684
1389, 2823
1390, 9100
1391, 4314
1392, 5465
1393, 6357
1394, 8961
1395, 1485
1396, 5194
1397, 5521
1398, 4905
1399, 863
1400, 9885
1401, 7548
1402, 1668
1403, 4023
1404, 3718
1405, 2334
1406, 5339
1407, 9624
1408, 2164
1409, 2599
1410, 4901
1411, 6685
1412, 1886
1413, 6948
1414, 4359
1415, 5013
1416, 3781
1417, 5704
1418, 3734
1419, 9067
1420, 7314
1421, 2017
1422, 1407
1423, 8646
1424, 4649
1425, 3212
1426, 8306
1427, 9176
1428, 3773
1429, 7341
1430, 7750
1431, 7867
1432, 2689
1433, 3997
1434, 1533
1435, 5379
1436, 1439
1437, 2098
1438, 8599
1439, 8012
1440, 6792
1441, 1256
1442, 3269
1443, 395
1444, 576
1445, 2316
1446, 1517
1447, 8653
1448, 9471
1449, 9705
1450, 9356
1451, 1965
1452, 7044
1453, 4729
1454, 6856
1455, 8174
1456, 1162
1457, 9995
1458, 7555
1459, 6490
1460, 509
1461, 4768
1462, 5130
1463, 8610
1464, 7012
1465, 1270
1466, 2906
1467, 3374
1468, 2676
1469, 7908
1470, 8059
1471, 3429
1472, 7683
1473, 312
1474, 6302
1475, 3954
1476, 9081
1477, 6951
1478, 4996
1479, 3507
1480, 4231
1481, 1184
1482, 7995
1483, 6518
1484, 9790
1485, 719
1486, 9330
1487, 9787
1488, 82
1489, 829
1490, 9337
1491, 4602
1492, 6575
1493, 1879
1494, 2126
1495, 7873
1496, 3963
1497, 985
1498, 2433
1499, 6346
1500, 9961
1501, 7007
1502, 3544
1503, 5416
1504, 2624
1505, 3538
1506, 4142
1507, 5636
1508, 2638
1509, 3175
1510, 7121
1511, 7736
1512, 8230
1513, 9717
1514, 1897
1515, 5948
1516, 8844
1517, 6663
1518, 3886
1519, 7985
1520, 1059
1521, 4803
1522, 9226
1523, 1047
1524, 2255
1525, 5243
1526, 9254
1527, 321
1528, 8213
1529, 9443
1530, 424
1531, 3398
1532, 7772
1533, 5867
1534, 1652
1535, 7297
1536, 1743
1537, 9941
1538, 6096
1539, 3577
1540, 2416
1541, 6072
1542, 8488
1543, 4457
1544, 2472
1545, 4620
1546, 390
1547, 2850
1548, 4826
1549, 767
1550, 9515
1551, 5705
1552, 7282
1553, 8565
1554, 7464
1555, 3846
1556, 6163
1557, 1125
1558, 8810
1559, 6115
1560, 940
1561, 2885
1562, 8922
1563, 3211
1564, 4758
1565, 9678
1566, 3623
1567, 5512
1568, 2994
1569, 5381
1570, 8535
1571, 1094
1572, 8899
1573, 1663
1574, 6297
1575, 6228
1576, 1584
1577, 6201
1578, 5858
1579, 9748
1580, 1808
1581, 393
1582, 3487
1583, 3320
1584, 1217
1585, 4995
1586, 9966
1587, 4733
1588, 1034
1589, 6166
1590, 1762
1591, 7304
1592, 6565
1593, 6427
1594, 7146
1595, 6373
1596, 5687
1597, 3460
1598, 7594
1599, 4764
1600, 945
1601, 611
1602, 6412
1603, 3961
1604, 3896
1605, 3437
1606, 6046
1607, 6303
1608, 7502
1609, 8579
1610, 7101
1611, 6825
1612, 8263
1613, 6717
1614, 5345
1615, 891
1616, 9159
1617, 3499
1618, 5868
1619, 5200
1620, 6795
1621, 1893
1622, 1763
1623, 845
1624, 6063
1625, 6577
1626, 8975
1627, 1122
1628, 8173
1629, 7621
1630, 490
1631, 7405
1632, 4661
1633, 5760
1634, 2282
1635, 969
1636, 5707
1637, 4371
1638, 7561
1639, 7764
1640, 7504
1641, 5668
1642, 6097
1643, 7125
1644, 1914
1645, 6222
1646, 310
1647, 9213
1648, 4958
1649, 8781
1650, 3293
1651, 5491
1652, 8542
1653, 5916
1654, 5385
1655, 2713
1656, 9093
1657, 9499
1658, 8979
1659, 5307
1660, 6165
1661, 8221
1662, 7806
1663, 6415
1664, 4598
1665, 2390
1666, 3887
1667, 1526
1668, 557
1669, 4953
1670, 1048
1671, 5803
1672, 4741
1673, 9404
1674, 2150
1675, 2962
1676, 1922
1677, 4585
1678, 6301
1679, 406
1680, 9583
1681, 6801
1682, 3167
1683, 8758
1684, 1745
1685, 7030
1686, 5092
1687, 3877
1688, 6074
1689, 5577
1690, 3453
1691, 2772
1692, 8278
1693, 9902
1694, 7822
1695, 3141
1696, 6573
1697, 4790
1698, 3130
1699, 7573
1700, 305
1701, 1480
1702, 7468
1703, 8031
1704, 4155
1705, 1725
1706, 6119
1707, 5125
1708, 877
1709, 9522
1710, 520
1711, 3768
1712, 9615
1713, 253
1714, 7117
1715, 3551
1716, 231
1717, 9117
1718, 4588
1719, 6938
1720, 8907
1721, 26
1722, 2281
1723, 7428
1724, 6209
1725, 4221
1726, 5732
1727, 3008
1728, 5018
1729, 1507
1730, 3194
1731, 4484
1732, 8205
1733, 1073
1734, 4440
1735, 2198
1736, 3147
1737, 7847
1738, 1778
1739, 4030
1740, 8540
1741, 8827
1742, 6389
1743, 2413
1744, 5435
1745, 9994
1746, 4007
1747, 6992
1748, 359
1749, 2939
1750, 374
1751, 6124
1752, 2851
1753, 8374
1754, 265
1755, 9665
1756, 7534
1757, 2031
1758, 1044
1759, 1618
1760, 6749
1761, 8804
1762, 4841
1763, 3952
1764, 1985
1765, 7955
1766, 4696
1767, 9856
1768, 4726
1769, 6219
1770, 9680
1771, 712
1772, 4508
1773, 3294
1774, 9039
1775, 8040
1776, 6066
1777, 7214
1778, 7469
1779, 1572
1780, 3653
1781, 1875
1782, 7948
1783, 9881
1784, 3363
1785, 3676
1786, 3423
1787, 6409
1788, 3324
1789, 5402
1790, 2987
1791, 559
1792, 2042
1793, 44
1794, 6103
1795, 8399
1796, 8909
1797, 7122
1798, 1277
1799, 7728
1800, 9867
1801, 3726
1802, 697
1803, 1323
1804, 817
1805, 6789
1806, 619
1807, 4775
1808, 9952
1809, 5096
1810, 8062
1811, 4066
1812, 6177
1813, 762
1814, 1782
1815, 8215
1816, 6532
1817, 9427
1818, 3698
1819, 1423
1820, 5372
1821, 6624
1822, 5612
1823, 7549
1824, 5216
1825, 3521
1826, 3868
1827, 4163
1828, 88
1829, 2103
1830, 6325
1831, 5502
1832, 7542
1833, 394
1834, 7035
1835, 2818
1836, 1367
1837, 6824
1838, 4715
1839, 7219
1840, 5195
1841, 9069
1842, 4403
1843, 1013
1844, 1707
1845, 2297
1846, 4154
1847, 8184
1848, 6621
1849, 4975
1850, 9055
1851, 4766
1852, 8041
1853, 9614
1854, 6712
1855, 7619
1856, 3401
1857, 8409
1858, 4361
1859, 2102
1860, 2777
1861, 6004
1862, 7392
1863, 8572
1864, 2279
1865, 332
1866, 7213
1867, 3921
1868, 2074
1869, 3503
1870, 46
1871, 3192
1872, 7395
1873, 9209
1874, 773
1875, 782
1876, 2693
1877, 8182
1878, 9532
1879, 5979
1880, 8755
1881, 1108
1882, 8536
1883, 4642
1884, 8397
1885, 1813
1886, 8126
1887, 977
1888, 4070
1889, 355
1890, 8761
1891, 2382
1892, 5524
1893, 5542
1894, 9364
1895, 328
1896, 3028
1897, 5929
1898, 1474
1899, 6194
1900, 1036
1901, 3255
1902, 758
1903, 7604
1904, 216
1905, 5932
1906, 2111
1907, 4688
1908, 1486
1909, 8742
1910, 5019
1911, 5055
1912, 2692
1913, 4634
1914, 27
1915, 5829
1916, 6926
1917, 6359
1918, 6050
1919, 481
1920, 5494
1921, 9179
1922, 4410
1923, 5835
1924, 8200
1925, 3347
1926, 6950
1927, 1448
1928, 4009
1929, 4081
1930, 9362
1931, 3239
1932, 4032
1933, 5629
1934, 7823
1935, 6689
1936, 6071
1937, 4940
1938, 4959
1939, 2322
1940, 2791
1941, 5641
1942, 364
1943, 665
1944, 7871
1945, 6874
1946, 1989
1947, 2133
1948, 2688
1949, 449
1950, 2035
1951, 5229
1952, 9617
1953, 7349
1954, 6113
1955, 3851
1956, 3889
1957, 8622
1958, 9560
1959, 5253
1960, 4706
1961, 5308
1962, 9713
1963, 7719
1964, 7956
1965, 8244
1966, 9354
1967, 4876
1968, 8048
1969, 4429
1970, 3198
1971, 8669
1972, 6197
1973, 1673
1974, 1749
1975, 1208
1976, 3084
1977, 4477
1978, 3383
1979, 4587
1980, 3390
1981, 9409
1982, 9883
1983, 452
1984, 2672
1985, 3723
1986, 60
1987, 2829
1988, 367
1989, 1302
1990, 6365
1991, 7324
1992, 7476
1993, 6394
1994, 139
1995, 2925
1996, 737
1997, 3145
1998, 751
1999, 2782
2000, 3730
2001, 4882
2002, 9322
2003, 1417
2004, 4098
2005, 9636
2006, 4712
2007, 6582
2008, 6701
2009, 8619
2010, 8923
2011, 6759
2012, 4256
2013, 9828
2014, 5452
2015, 261
2016, 5480
2017, 9542
2018, 1431
2019, 3735
2020, 2608
2021, 6812
2022, 2167
2023, 3236
2024, 3395
2025, 7135
2026, 7373
2027, 1202
2028, 1810
2029, 7489
2030, 2483
2031, 3620
2032, 4875
2033, 4500
2034, 4931
2035, 3048
2036, 6840
2037, 1441
2038, 9194
2039, 7595
2040, 8312
2041, 443
2042, 761
2043, 8241
2044, 8717
2045, 6382
2046, 7598
2047, 8949
2048, 8944
2049, 1211
2050, 3721
2051, 2971
2052, 3833
2053, 67
2054, 7651
2055, 6860
2056, 2352
2057, 9161
2058, 588
2059, 4864
2060, 5500
2061, 446
2062, 1398
2063, 6735
2064, 9167
2065, 1862
2066, 1852
2067, 6400
2068, 1413
2069, 9920
2070, 1637
2071, 4112
2072, 9273
2073, 7691
2074, 8682
2075, 2286
2076, 5154
2077, 3699
2078, 4971
2079, 4870
2080, 6774
2081, 7441
2082, 2298
2083, 7702
2084, 7682
2085, 6771
2086, 6804
2087, 3804
2088, 7252
2089, 2195
2090, 2510
2091, 9353
2092, 1328
2093, 8550
2094, 4279
2095, 1369
2096, 3913
2097, 3711
2098, 7519
2099, 8853
2100, 8574
2101, 9375
2102, 9335
2103, 7513
2104, 7579
2105, 1579
2106, 8475
2107, 8368
2108, 8998
2109, 2670
2110, 6634
2111, 1064
2112, 2529
2113, 6716
2114, 1797
2115, 1393
2116, 9009
2117, 1670
2118, 1112
2119, 2714
2120, 2634
2121, 8997
2122, 9129
2123, 7136
2124, 914
2125, 700
2126, 1960
2127, 9318
2128, 7239
2129, 6106
2130, 9036
2131, 7403
2132, 7572
2133, 6764
2134, 1982
2135, 7318
2136, 6202
2137, 9406
2138, 9246
2139, 1958
2140, 2222
2141, 8243
2142, 5806
2143, 5378
2144, 7898
2145, 2600
2146, 8449
2147, 6183
2148, 2036
2149, 8777
2150, 9115
2151, 7499
2152, 7942
2153, 8607
2154, 6375
2155, 2776
2156, 2456
2157, 7894
2158, 8422
2159, 450
2160, 5583
2161, 4727
2162, 9767
2163, 9178
2164, 862
2165, 6337
2166, 8050
2167, 1518
2168, 2194
2169, 8969
2170, 9855
2171, 1178
2172, 6721
2173, 9530
2174, 8890
2175, 9759
2176, 808
2177, 4878
2178, 5137
2179, 3425
2180, 3498
2181, 2320
2182, 5702
2183, 6645
2184, 64
2185, 7014
2186, 8366
2187, 1902
2188, 3674
2189, 6334
2190, 7413
2191, 3024
2192, 1744
2193, 3482
2194, 5594
2195, 3727
2196, 4245
2197, 821
2198, 967
2199, 8618
2200, 5375
2201, 7261
2202, 4106
2203, 7999
2204, 696
2205, 7782
2206, 1319
2207, 6639
2208, 8797
2209, 19
2210, 7466
2211, 935
2212, 5159
2213, 1425
2214, 2461
2215, 5620
2216, 5912
2217, 1200
2218, 4721
2219, 8493
2220, 2183
2221, 9969
2222, 5370
2223, 9535
2224, 6616
2225, 7249
2226, 1558
2227, 4016
2228, 8903
2229, 5848
2230, 4289
2231, 6828
2232, 8900
2233, 5211
2234, 5795
2235, 6378
2236, 3413
2237, 950
2238, 8344
2239, 3902
2240, 4711
2241, 3034
2242, 7203
2243, 8469
2244, 7094
2245, 2003
2246, 1770
2247, 5667
2248, 2549
2249, 7627
2250, 1764
2251, 4393
2252, 5561
2253, 6727
2254, 797
2255, 5878
2256, 652
2257, 1775
2258, 3393
2259, 39
2260, 8377
2261, 902
2262, 8159
2263, 7984
2264, 7518
2265, 5305
2266, 9076
2267, 9225
2268, 7506
2269, 2757
2270, 5093
2271, 7425
2272, 5572
2273, 5727
2274, 5282
2275, 7528
2276, 757
2277, 4056
2278, 718
2279, 5782
2280, 282
2281, 9939
2282, 9007
2283, 4581
2284, 2116
2285, 2414
2286, 8983
2287, 9492
2288, 4157
2289, 8821
2290, 5115
2291, 5425
2292, 4535
2293, 9027
2294, 5492
2295, 2083
2296, 5414
2297, 5535
2298, 4542
2299, 3842
2300, 1978
2301, 3133
2302, 8210
2303, 8806
2304, 1930
2305, 2948
2306, 2285
2307, 1606
2308, 4201
2309, 4821
2310, 3041
2311, 2018
2312, 4955
2313, 8144
2314, 4799
2315, 5041
2316, 3055
2317, 1655
2318, 7934
2319, 237
2320, 384
2321, 1576
2322, 7838
2323, 9874
2324, 8548
2325, 7190
2326, 2373
2327, 3613
2328, 53
2329, 8014
2330, 3881
2331, 252
2332, 3569
2333, 4053
2334, 81
2335, 7288
2336, 9839
2337, 4452
2338, 4746
2339, 7130
2340, 9647
2341, 3712
2342, 1060
2343, 8351
2344, 8724
2345, 1197
2346, 4084
2347, 9999
2348, 1733
2349, 4482
2350, 1109
2351, 2077
2352, 4140
2353, 8547
2354, 3642
2355, 2875
2356, 3463
2357, 8231
2358, 3258
2359, 1395
2360, 6098
2361, 666
2362, 1412
2363, 6372
2364, 2139
2365, 3962
2366, 7444
2367, 2935
2368, 6196
2369, 8132
2370, 2251
2371, 1058
2372, 1255
2373, 9728
2374, 897
2375, 426
2376, 487
2377, 6768
2378, 6167
2379, 5310
2380, 6802
2381, 6715
2382, 8256
2383, 1895
2384, 8859
2385, 9848
2386, 6363
2387, 228
2388, 8480
2389, 6094
2390, 6488
2391, 3420
2392, 5772
2393, 4830
2394, 4952
2395, 7507
2396, 6305
2397, 4591
2398, 7575
2399, 7401
2400, 476
2401, 7768
2402, 1682
2403, 3660
2404, 6697
2405, 4434
2406, 924
2407, 6159
2408, 6947
2409, 811
2410, 5515
2411, 3631
2412, 3875
2413, 8985
2414, 6581
2415, 3153
2416, 9121
2417, 8773
2418, 4930
2419, 9507
2420, 7342
2421, 1291
2422, 7365
2423, 2839
2424, 5826
2425, 6289
2426, 7865
2427, 5600
2428, 5001
2429, 1233
2430, 1721
2431, 1934
2432, 7133
2433, 277
2434, 2206
2435, 1510
2436, 3831
2437, 2978
2438, 8655
2439, 6560
2440, 8701
2441, 9656
2442, 5623
2443, 6549
2444, 9701
2445, 5171
2446, 3973
2447, 6444
2448, 7420
2449, 7846
2450, 8237
2451, 4532
2452, 8390
2453, 6998
2454, 1633
2455, 9934
2456, 1274
2457, 7091
2458, 1366
2459, 3276
2460, 5217
2461, 7069
2462, 3366
2463, 4313
2464, 1917
2465, 6859
2466, 8811
2467, 9663
2468, 438
2469, 3035
2470, 744
2471, 7967
2472, 7244
2473, 3832
2474, 6526
2475, 8153
2476, 6710
2477, 523
2478, 4405
2479, 8109
2480, 703
2481, 2597
2482, 7812
2483, 7689
2484, 1586
2485, 3290
2486, 4854
2487, 41
2488, 5466
2489, 9905
2490, 8459
2491, 1635
2492, 7023
2493, 270
2494, 7391
2495, 5024
2496, 2781
2497, 182
2498, 5384
2499, 9172
2500, 9595
2501, 9349
2502, 7150
2503, 551
2504, 3679
2505, 4060
2506, 4903
2507, 3774
2508, 882
2509, 7248
2510, 8017
2511, 4518
2512, 8753
2513, 4019
2514, 9540
2515, 4342
2516, 4739
2517, 2308
2518, 3154
2519, 2662
2520, 8271
2521, 5080
2522, 1329
2523, 2091
2524, 3777
2525, 1519
2526, 5742
2527, 8467
2528, 10005
2529, 3007
2530, 1470
2531, 2009
2532, 3044
2533, 2655
2534, 3449
2535, 8594
2536, 279
2537, 9302
2538, 506
2539, 4131
2540, 6636
2541, 8160
2542, 1525
2543, 7016
2544, 5455
2545, 898
2546, 3974
2547, 9992
2548, 6918
2549, 7996
2550, 59
2551, 9288
2552, 869
2553, 1152
2554, 4536
2555, 2568
2556, 4990
2557, 2233
2558, 7243
2559, 284
2560, 7028
2561, 8003
2562, 4881
2563, 5774
2564, 1919
2565, 3948
2566, 7807
2567, 9963
2568, 4096
2569, 2540
2570, 5716
2571, 6282
2572, 3043
2573, 9114
2574, 3951
2575, 8444
2576, 8457
2577, 4546
2578, 8027
2579, 9977
2580, 3733
2581, 5519
2582, 7816
2583, 1867
2584, 9585
2585, 3890
2586, 2163
2587, 9058
2588, 5403
2589, 6535
2590, 57
2591, 2192
2592, 1873
2593, 852
2594, 878
2595, 3063
2596, 18
2597, 3918
2598, 1437
2599, 5009
2600, 9603
2601, 7712
2602, 3134
2603, 1751
2604, 8304
2605, 2080
2606, 4777
2607, 7041
2608, 4092
2609, 8362
2610, 7724
2611, 5682
2612, 5734
2613, 97
2614, 4014
2615, 1807
2616, 6852
2617, 3989
2618, 3170
2619, 9395
2620, 239
2621, 7480
2622, 572
2623, 8138
2624, 3525
2625, 8053
2626, 2155
2627, 688
2628, 9419
2629, 5335
2630, 5439
2631, 4172
2632, 1999
2633, 7592
2634, 7675
2635, 1949
2636, 311
2637, 2754
2638, 4456
2639, 8931
2640, 5122
2641, 240
2642, 1021
2643, 70
2644, 8288
2645, 5354
2646, 2802
2647, 4641
2648, 4849
2649, 2315
2650, 7976
2651, 9155
2652, 9321
2653, 7876
2654, 4600
2655, 9486
2656, 2883
2657, 1826
2658, 4215
2659, 4458
2660, 6020
2661, 4118
2662, 540
2663, 4679
2664, 9582
2665, 3253
2666, 3669
2667, 8608
2668, 9923
2669, 2274
2670, 2606
2671, 9723
2672, 3171
2673, 2936
2674, 9744
2675, 7630
2676, 2401
2677, 2887
2678, 6011
2679, 2207
2680, 5058
2681, 3329
2682, 3128
2683, 477
2684, 1309
2685, 1180
2686, 3810
2687, 8526
2688, 9190
2689, 3410
2690, 313
2691, 9850
2692, 3452
2693, 9231
2694, 8780
2695, 9752
2696, 5993
2697, 8392
2698, 4087
2699, 629
2700, 227
2701, 4932
2702, 6596
2703, 6338
2704, 1591
2705, 1016
2706, 2344
2707, 791
2708, 4604
2709, 3664
2710, 875
2711, 2426
2712, 1524
2713, 3468
2714, 5957
2715, 748
2716, 2145
2717, 5236
2718, 4432
2719, 3835
2720, 7163
2721, 6647
2722, 7160
2723, 6010
2724, 8666
2725, 5560
2726, 3179
2727, 1299
2728, 5728
2729, 8830
2730, 7026
2731, 907
2732, 5885
2733, 5474
2734, 8268
2735, 4443
2736, 2835
2737, 1641
2738, 8297
2739, 7265
2740, 8291
2741, 5991
2742, 1296
2743, 5091
2744, 329
2745, 6576
2746, 5427
2747, 1624
2748, 8023
2749, 5792
2750, 5741
2751, 4919
2752, 500
2753, 2857
2754, 9648
2755, 7260
2756, 558
2757, 8501
2758, 546
2759, 5953
2760, 6570
2761, 4153
2762, 4636
2763, 7123
2764, 4825
2765, 7226
2766, 10
2767, 5555
2768, 5453
2769, 3809
2770, 4978
2771, 9692
2772, 3260
2773, 8491
2774, 5094
2775, 966
2776, 5070
2777, 5877
2778, 7111
2779, 2277
2780, 3243
2781, 8217
2782, 3621
2783, 8423
2784, 3998
2785, 5081
2786, 4877
2787, 1589
2788, 3927
2789, 3348
2790, 491
2791, 946
2792, 4159
2793, 5910
2794, 4111
2795, 5725
2796, 8193
2797, 8532
2798, 457
2799, 398
2800, 1213
2801, 810
2802, 1967
2803, 4133
2804, 3725
2805, 7156
2806, 1825
2807, 667
2808, 4960
2809, 5870
2810, 2289
2811, 5791
2812, 2193
2813, 5421
2814, 350
2815, 1028
2816, 4892
2817, 4774
2818, 6404
2819, 5598
2820, 7912
2821, 2237
2822, 1421
2823, 8283
2824, 7628
2825, 5312
2826, 3891
2827, 5711
2828, 8556
2829, 5553
2830, 8364
2831, 4813
2832, 4678
2833, 6034
2834, 3755
2835, 3519
2836, 6779
2837, 5167
2838, 9795
2839, 8452
2840, 6820
2841, 530
2842, 9227
2843, 4595
2844, 1753
2845, 5393
2846, 1076
2847, 5077
2848, 692
2849, 3597
2850, 3327
2851, 6039
2852, 1481
2853, 1009
2854, 7529
2855, 4305
2856, 3554
2857, 868
2858, 7611
2859, 5038
2860, 2418
2861, 3161
2862, 7484
2863, 4757
2864, 6130
2865, 4125
2866, 5362
2867, 1165
2868, 625
2869, 6049
2870, 6940
2871, 5996
2872, 9029
2873, 2581
2874, 1079
2875, 5714
2876, 9193
2877, 4047
2878, 8814
2879, 293
2880, 8939
2881, 3485
2882, 6231
2883, 2221
2884, 4695
2885, 6308
2886, 5228
2887, 6069
2888, 7851
2889, 5963
2890, 2022
2891, 9140
2892, 6136
2893, 5399
2894, 2350
2895, 2065
2896, 1592
2897, 4564
2898, 1842
2899, 941
2900, 6433
2901, 8420
2902, 3361
2903, 6587
2904, 4427
2905, 6109
2906, 9673
2907, 5897
2908, 8022
2909, 2244
2910, 6243
2911, 4769
2912, 8678
2913, 8108
2914, 7162
2915, 3099
2916, 7662
2917, 5860
2918, 6837
2919, 804
2920, 693
2921, 7145
2922, 2825
2923, 6189
2924, 3310
2925, 5765
2926, 8
2927, 8466
2928, 6457
2929, 3509
2930, 1320
2931, 180
2932, 8295
2933, 169
2934, 9295
2935, 5691
2936, 7645
2937, 5586
2938, 5364
2939, 8261
2940, 9628
2941, 6349
2942, 591
2943, 5501
2944, 3994
2945, 896
2946, 6885
2947, 989
2948, 6618
2949, 4338
2950, 554
2951, 4316
2952, 2554
2953, 5353
2954, 9261
2955, 5143
2956, 4699
2957, 486
2958, 3220
2959, 6669
2960, 5160
2961, 4973
2962, 1959
2963, 5770
2964, 7741
2965, 5956
2966, 7207
2967, 2647
2968, 5086
2969, 2603
2970, 9086
2971, 4677
2972, 2486
2973, 4257
2974, 3369
2975, 4950
2976, 411
2977, 7309
2978, 4291
2979, 3917
2980, 7896
2981, 5511
2982, 9453
2983, 5883
2984, 8385
2985, 9272
2986, 4143
2987, 9184
2988, 2136
2989, 3325
2990, 8950
2991, 2485
2992, 709
2993, 3871
2994, 4800
2995, 8589
2996, 2553
2997, 1805
2998, 9763
2999, 4993
3000, 2870
3001, 5737
3002, 734
3003, 2508
3004, 2257
3005, 2332
3006, 8250
3007, 621
3008, 1864
3009, 8948
3010, 5396
3011, 1713
3012, 3571
3013, 1142
3014, 9084
3015, 7588
3016, 3490
3017, 3957
3018, 9718
3019, 5445
3020, 5446
3021, 8994
3022, 8492
3023, 8642
3024, 464
3025, 5220
3026, 7706
3027, 1860
3028, 4763
3029, 7404
3030, 1113
3031, 6262
3032, 2132
3033, 9147
3034, 951
3035, 1885
3036, 3400
3037, 4861
3038, 4863
3039, 1952
3040, 948
3041, 1248
3042, 4906
3043, 4411
3044, 9383
3045, 7698
3046, 3497
3047, 8779
3048, 6204
3049, 6495
3050, 8242
3051, 2258
3052, 5880
3053, 7748
3054, 771
3055, 3693
3056, 3697
3057, 7882
3058, 5874
3059, 6474
3060, 3783
3061, 2793
3062, 2730
3063, 9367
3064, 965
3065, 1522
3066, 6379
3067, 6961
3068, 448
3069, 8494
3070, 5731
3071, 9467
3072, 5520
3073, 1357
3074, 1365
3075, 9735
3076, 5719
3077, 6919
3078, 1537
3079, 9564
3080, 9438
3081, 2698
3082, 5908
3083, 7022
3084, 6729
3085, 7893
3086, 4874
3087, 952
3088, 5433
3089, 2898
3090, 5011
3091, 6692
3092, 6708
3093, 3434
3094, 5409
3095, 7809
3096, 7052
3097, 3092
3098, 2840
3099, 9374
3100, 5787
3101, 8015
3102, 7429
3103, 9757
3104, 3719
3105, 5882
3106, 4837
3107, 9774
3108, 3993
3109, 7355
3110, 7387
3111, 839
3112, 4789
3113, 9589
3114, 8075
3115, 155
3116, 9658
3117, 2712
3118, 5545
3119, 10001
3120, 8829
3121, 3478
3122, 1409
3123, 5735
3124, 3645
3125, 3512
3126, 1957
3127, 8681
3128, 8745
3129, 5656
3130, 3549
3131, 3142
3132, 114
3133, 4288
3134, 3280
3135, 9402
3136, 5061
3137, 3966
3138, 1622
3139, 927
3140, 6796
3141, 5441
3142, 1261
3143, 995
3144, 7892
3145, 1326
3146, 1454
3147, 5283
3148, 1069
3149, 255
3150, 4206
3151, 2547
3152, 531
3153, 2768
3154, 4093
3155, 1903
3156, 7222
3157, 5832
3158, 7563
3159, 4853
3160, 6500
3161, 5968
3162, 9755
3163, 6630
3164, 6886
3165, 4537
3166, 6116
3167, 4488
3168, 2383
3169, 9072
3170, 5040
3171, 9514
3172, 2157
3173, 7784
3174, 8415
3175, 5635
3176, 9097
3177, 3677
3178, 6971
3179, 5907
3180, 3474
3181, 7231
3182, 7743
3183, 3045
3184, 6203
3185, 2947
3186, 8744
3187, 2108
3188, 4051
3189, 2992
3190, 8292
3191, 9539
3192, 794
3193, 5241
3194, 2158
3195, 1325
3196, 7913
3197, 5785
3198, 919
3199, 8433
3200, 9457
3201, 61
3202, 6377
3203, 9872
3204, 1452
3205, 8194
3206, 2073
3207, 9962
3208, 548
3209, 3042
3210, 5566
3211, 4453
3212, 8294
3213, 6628
3214, 9797
3215, 5541
3216, 5816
3217, 830
3218, 2878
3219, 4100
3220, 6725
3221, 3708
3222, 6882
3223, 352
3224, 8124
3225, 3888
3226, 5074
3227, 55
3228, 5103
3229, 2877
3230, 552
3231, 7227
3232, 3558
3233, 5053
3234, 5603
3235, 5638
3236, 9734
3237, 2171
3238, 7421
3239, 1387
3240, 7735
3241, 4682
3242, 212
3243, 1747
3244, 4119
3245, 4088
3246, 4177
3247, 9732
3248, 5082
3249, 8425
3250, 1087
3251, 4077
3252, 5177
3253, 5247
3254, 3432
3255, 8320
3256, 8813
3257, 6752
3258, 9441
3259, 3335
3260, 4402
3261, 7472
3262, 2209
3263, 2147
3264, 2325
3265, 3428
3266, 4135
3267, 814
3268, 6152
3269, 2125
3270, 4325
3271, 4465
3272, 835
3273, 604
3274, 1590
3275, 7475
3276, 2846
3277, 641
3278, 2775
3279, 8915
3280, 8396
3281, 8272
3282, 8628
3283, 827
3284, 2241
3285, 5606
3286, 6275
3287, 8228
3288, 2621
3289, 2901
3290, 5648
3291, 5186
3292, 7158
3293, 8921
3294, 9670
3295, 5260
3296, 9528
3297, 1794
3298, 756
3299, 508
3300, 1220
3301, 5632
3302, 8460
3303, 5183
3304, 6521
3305, 420
3306, 9220
3307, 9780
3308, 5267
3309, 4343
3310, 8287
3311, 1806
3312, 3304
3313, 4491
3314, 3020
3315, 7566
3316, 5490
3317, 4994
3318, 6418
3319, 5235
3320, 884
3321, 4337
3322, 7013
3323, 4818
3324, 2404
3325, 3524
3326, 4505
3327, 2657
3328, 538
3329, 7590
3330, 579
3331, 2953
3332, 11
3333, 9103
3334, 4951
3335, 3959
3336, 6807
3337, 4441
3338, 5746
3339, 2645
3340, 7997
3341, 3607
3342, 8786
3343, 1019
3344, 2981
3345, 9292
3346, 5054
3347, 9151
3348, 5136
3349, 9884
3350, 4000
3351, 2170
3352, 3873
3353, 1889
3354, 7585
3355, 2853
3356, 5463
3357, 9268
3358, 9965
3359, 1185
3360, 1536
3361, 6016
3362, 9940
3363, 2548
3364, 4079
3365, 2266
3366, 4243
3367, 3732
3368, 1971
3369, 8318
3370, 1717
3371, 7756
3372, 9141
3373, 9684
3374, 4897
3375, 2500
3376, 3894
3377, 6348
3378, 7050
3379, 6003
3380, 3844
3381, 9074
3382, 2129
3383, 8510
3384, 2457
3385, 1435
3386, 7920
3387, 600
3388, 7412
3389, 9483
3390, 2246
3391, 3332
3392, 3765
3393, 8978
3394, 1759
3395, 6667
3396, 8071
3397, 5977
3398, 1659
3399, 2112
3400, 8236
3401, 984
3402, 8892
3403, 6848
3404, 9811
3405, 5178
3406, 8795
3407, 2930
3408, 8470
3409, 635
3410, 1501
3411, 1920
3412, 7496
3413, 7305
3414, 106
3415, 5925
3416, 7296
3417, 8202
3418, 436
3419, 5946
3420, 1748
3421, 7667
3422, 3586
3423, 4327
3424, 1554
3425, 9838
3426, 904
3427, 5248
3428, 6980
3429, 7818
3430, 8963
3431, 8581
3432, 4190
3433, 5821
3434, 8563
3435, 368
3436, 4850
3437, 5863
3438, 7474
3439, 9305
3440, 1143
3441, 2625
3442, 7086
3443, 3640
3444, 5786
3445, 4467
3446, 7931
3447, 9607
3448, 1890
3449, 1126
3450, 2351
3451, 5613
3452, 1090
3453, 4714
3454, 3671
3455, 5697
3456, 8919
3457, 2574
3458, 6264
3459, 9228
3460, 8143
3461, 1251
3462, 5543
3463, 2905
3464, 9833
3465, 3178
3466, 7758
3467, 6230
3468, 8680
3469, 5197
3470, 6158
3471, 3399
3472, 1313
3473, 5365
3474, 1802
3475, 9126
3476, 6499
3477, 2420
3478, 250
3479, 6480
3480, 5057
3481, 9788
3482, 3630
3483, 327
3484, 9487
3485, 6431
3486, 1324
3487, 4365
3488, 6287
3489, 769
3490, 6604
3491, 4701
3492, 7582
3493, 2216
3494, 6969
3495, 8818
3496, 4478
3497, 6931
3498, 4085
3499, 3540
3500, 1231
3501, 4632
3502, 2938
3503, 6833
3504, 6626
3505, 2701
3506, 6545
3507, 5516
3508, 7179
3509, 3373
3510, 9135
3511, 8410
3512, 7909
3513, 1600
3514, 2927
3515, 7833
3516, 2141
3517, 1051
3518, 6440
3519, 3235
3520, 9854
3521, 7637
3522, 7223
3523, 9380
3524, 7061
3525, 5003
3526, 8329
3527, 717
3528, 2234
3529, 784
3530, 9789
3531, 7178
3532, 9832
3533, 9637
3534, 8260
3535, 6080
3536, 6851
3537, 441
3538, 3672
3539, 9245
3540, 8417
3541, 2724
3542, 8093
3543, 3977
3544, 622
3545, 5412
3546, 8446
3547, 5546
3548, 3542
3549, 8327
3550, 3628
3551, 3238
3552, 484
3553, 6131
3554, 7673
3555, 4860
3556, 1315
3557, 2454
3558, 798
3559, 9426
3560, 150
3561, 1925
3562, 5222
3563, 4795
3564, 856
3565, 5063
3566, 1055
3567, 618
3568, 1227
3569, 447
3570, 4946
3571, 6233
3572, 9317
3573, 3691
3574, 6608
3575, 8886
3576, 5574
3577, 2816
3578, 4278
3579, 7828
3580, 4415
3581, 3561
3582, 5690
3583, 4097
3584, 6088
3585, 5214
3586, 6432
3587, 4872
3588, 3863
3589, 6437
3590, 2598
3591, 1353
3592, 7187
3593, 1736
3594, 5119
3595, 9610
3596, 2527
3597, 9627
3598, 2801
3599, 1093
3600, 5351
3601, 2165
3602, 6147
3603, 4399
3604, 6835
3605, 3715
3606, 1697
3607, 6845
3608, 9174
3609, 6684
3610, 8345
3611, 7450
3612, 4209
3613, 3184
3614, 9032
3615, 3218
3616, 9580
3617, 6164
3618, 4673
3619, 8308
3620, 6265
3621, 2769
3622, 7641
3623, 1401
3624, 7372
3625, 7661
3626, 2312
3627, 7339
3628, 654
3629, 8871
3630, 2389
3631, 339
3632, 2028
3633, 407
3634, 3124
3635, 6299
3636, 3317
3637, 580
3638, 6501
3639, 9516
3640, 9253
3641, 6780
3642, 8715
3643, 9293
3644, 8602
3645, 8649
3646, 5286
3647, 1706
3648, 8756
3649, 4656
3650, 8034
3651, 4792
3652, 219
3653, 6569
3654, 605
3655, 5138
3656, 6973
3657, 2996
3658, 2470
3659, 7531
3660, 1394
3661, 2550
3662, 1168
3663, 1262
3664, 4543
3665, 7390
3666, 1476
3667, 3283
3668, 32
3669, 3555
3670, 4416
3671, 7109
3672, 5188
3673, 4247
3674, 7917
3675, 9970
3676, 8918
3677, 9033
3678, 6766
3679, 9078
3680, 6314
3681, 6502
3682, 3057
3683, 8751
3684, 6930
3685, 537
3686, 4042
3687, 1081
3688, 2803
3689, 8189
3690, 4347
3691, 2465
3692, 9805
3693, 3904
3694, 1800
3695, 2030
3696, 7503
3697, 2120
3698, 6599
3699, 6975
3700, 85
3701, 1466
3702, 7831
3703, 5052
3704, 2055
3705, 6140
3706, 9584
3707, 342
3708, 2665
3709, 8908
3710, 3574
3711, 1779
3712, 7578
3713, 8038
3714, 8977
3715, 8218
3716, 7169
3717, 7921
3718, 4148
3719, 6910
3720, 9633
3721, 4075
3722, 8088
3723, 6251
3724, 3132
3725, 4662
3726, 9308
3727, 1780
3728, 1119
3729, 7536
3730, 9127
3731, 40
3732, 1918
3733, 400
3734, 8309
3735, 9813
3736, 2267
3737, 7791
3738, 3230
3739, 2121
3740, 140
3741, 6473
3742, 235
3743, 3295
3744, 2580
3745, 7538
3746, 6216
3747, 9043
3748, 2218
3749, 4058
3750, 7814
3751, 4778
3752, 582
3753, 3590
3754, 8512
3755, 9553
3756, 431
3757, 8220
3758, 4258
3759, 6917
3760, 4448
3761, 561
3762, 9138
3763, 9047
3764, 6403
3765, 2050
3766, 8414
3767, 2087
3768, 9599
3769, 3527
3770, 5142
3771, 1151
3772, 988
3773, 3070
3774, 4840
3775, 404
3776, 2487
3777, 7805
3778, 2867
3779, 5100
3780, 2240
3781, 2058
3782, 6777
3783, 8078
3784, 792
3785, 8152
3786, 3162
3787, 1025
3788, 4255
3789, 6280
3790, 5954
3791, 111
3792, 3651
3793, 4786
3794, 8952
3795, 9581
3796, 9712
3797, 4171
3798, 8458
3799, 8094
3800, 7525
3801, 120
3802, 5562
3803, 268
3804, 295
3805, 6028
3806, 2481
3807, 6531
3808, 5879
3809, 4200
3810, 1273
3811, 3543
3812, 1868
3813, 3126
3814, 3388
3815, 2313
3816, 880
3817, 152
3818, 9021
3819, 4218
3820, 5095
3821, 4514
3822, 4568
3823, 6027
3824, 8940
3825, 7033
3826, 5729
3827, 2371
3828, 6524
3829, 1057
3830, 7714
3831, 223
3832, 747
3833, 8604
3834, 5738
3835, 4282
3836, 2006
3837, 2407
3838, 4161
3839, 2999
3840, 3107
3841, 6025
3842, 1844
3843, 8037
3844, 5429
3845, 8720
3846, 7019
3847, 6092
3848, 9399
3849, 4424
3850, 5472
3851, 1172
3852, 5447
3853, 2535
3854, 7990
3855, 8792
3856, 2293
3857, 9976
3858, 185
3859, 6021
3860, 7666
3861, 38
3862, 4829
3863, 1404
3864, 8009
3865, 6155
3866, 2762
3867, 2819
3868, 4915
3869, 6322
3870, 4865
3871, 9048
3872, 9951
3873, 1548
3874, 8564
3875, 3916
3876, 4348
3877, 6013
3878, 9303
3879, 4054
3880, 3629
3881, 6786
3882, 9989
3883, 6281
3884, 9502
3885, 9616
3886, 3801
3887, 6615
3888, 3701
3889, 2060
3890, 3866
3891, 7074
3892, 1092
3893, 1803
3894, 2667
3895, 5997
3896, 2570
3897, 2079
3898, 1229
3899, 7543
3900, 3942
3901, 6533
3902, 2968
3903, 3196
3904, 1573
3905, 7201
3906, 1373
3907, 8098
3908, 1703
3909, 8119
3910, 6162
3911, 7584
3912, 9312
3913, 5965
3914, 9118
3915, 8136
3916, 6436
3917, 9057
3918, 1855
3919, 7037
3920, 9914
3921, 363
3922, 7124
3923, 8373
3924, 6724
3925, 160
3926, 7384
3927, 202
3928, 6295
3929, 9139
3930, 2588
3931, 5901
3932, 2200
3933, 236
3934, 6843
3935, 2078
3936, 7688
3937, 8045
3938, 3792
3939, 4704
3940, 8219
3941, 710
3942, 7419
3943, 4298
3944, 8739
3945, 4382
3946, 6561
3947, 2242
3948, 9154
3949, 5773
3950, 8378
3951, 4450
3952, 7657
3953, 8134
3954, 9347
3955, 54
3956, 1555
3957, 3379
3958, 402
3959, 5398
3960, 8809
3961, 2567
3962, 1442
3963, 2735
3964, 7093
3965, 8462
3966, 2272
3967, 5517
3968, 720
3969, 2871
3970, 9285
3971, 232
3972, 2658
3973, 4086
3974, 7088
3975, 729
3976, 4782
3977, 4767
3978, 1582
3979, 9112
3980, 6862
3981, 9448
3982, 8157
3983, 888
3984, 8522
3985, 5005
3986, 5418
3987, 9720
3988, 2534
3989, 4442
3990, 9294
3991, 2143
3992, 8147
3993, 5436
3994, 3535
3995, 3505
3996, 7142
3997, 2188
3998, 7695
3999, 2860
4000, 278
4001, 5754
4002, 1008
4003, 3981
4004, 4807
4005, 3404
4006, 9046
4007, 2855
4008, 2552
4009, 8264
4010, 258
4011, 4843
4012, 1041
4013, 981
4014, 8255
4015, 8354
4016, 9361
4017, 9698
4018, 4534
4019, 5479
4020, 5994
4021, 1933
4022, 3585
4023, 779
4024, 2056
4025, 9688
4026, 9082
4027, 492
4028, 4494
4029, 3657
4030, 6060
4031, 5940
4032, 474
4033, 672
4034, 2686
4035, 3360
4036, 3039
4037, 4929
4038, 5959
4039, 7844
4040, 1141
4041, 5536
4042, 8090
4043, 3340
4044, 2128
4045, 4962
4046, 2959
4047, 1285
4048, 6091
4049, 5851
4050, 4926
4051, 5322
4052, 9350
4053, 691
4054, 49
4055, 3829
4056, 5889
4057, 9659
4058, 6260
4059, 5043
4060, 144
4061, 651
4062, 8234
4063, 3895
4064, 9896
4065, 6548
4066, 6153
4067, 5673
4068, 3823
4069, 4615
4070, 2664
4071, 5360
4072, 4076
4073, 1629
4074, 5749
4075, 3282
4076, 6491
4077, 4057
4078, 4266
4079, 5280
4080, 432
4081, 1761
4082, 3756
4083, 7067
4084, 6277
4085, 5317
4086, 1617
4087, 3201
4088, 9306
4089, 4691
4090, 2123
4091, 7236
4092, 5469
4093, 535
4094, 6953
4095, 2085
4096, 2503
4097, 4531
4098, 4842
4099, 7500
4100, 1483
4101, 8105
4102, 6525
4103, 4605
4104, 7212
4105, 373
4106, 2576
4107, 3353
4108, 8224
4109, 8443
4110, 4909
4111, 5048
4112, 7877
4113, 8148
4114, 8984
4115, 3033
4116, 3655
4117, 8971
4118, 6944
4119, 174
4120, 7021
4121, 3181
4122, 8395
4123, 4724
4124, 9130
4125, 677
4126, 412
4127, 850
4128, 3789
4129, 4067
4130, 9725
4131, 260
4132, 1932
4133, 37
4134, 1281
4135, 1906
4136, 7859
4137, 4326
4138, 8013
4139, 333
4140, 754
4141, 3419
4142, 2224
4143, 5332
4144, 4802
4145, 5678
4146, 1549
4147, 2105
4148, 3414
4149, 4498
4150, 7842
4151, 4052
4152, 6540
4153, 7790
4154, 9689
4155, 2623
4156, 9997
4157, 4644
4158, 5486
4159, 809
4160, 8426
4161, 4635
4162, 3575
4163, 5327
4164, 7076
4165, 8188
4166, 799
4167, 2967
4168, 9655
4169, 2075
4170, 7051
4171, 9551
4172, 3342
4173, 9224
4174, 3958
4175, 3259
4176, 4943
4177, 5596
4178, 816
4179, 3241
4180, 1121
4181, 4625
4182, 8123
4183, 340
4184, 5576
4185, 9912
4186, 3274
4187, 8128
4188, 8073
4189, 3066
4190, 655
4191, 2412
4192, 1887
4193, 489
4194, 3857
4195, 5163
4196, 5610
4197, 453
4198, 6220
4199, 3221
4200, 210
4201, 4658
4202, 5123
4203, 3788
4204, 519
4205, 220
4206, 110
4207, 103
4208, 5288
4209, 8802
4210, 7752
4211, 4956
4212, 1685
4213, 4297
4214, 5191
4215, 4884
4216, 6411
4217, 413
4218, 4398
4219, 3287
4220, 4217
4221, 1547
4222, 5016
4223, 4418
4224, 4198
4225, 4184
4226, 4547
4227, 1568
4228, 9475
4229, 3883
4230, 7348
4231, 2565
4232, 4353
4233, 3739
4234, 6793
4235, 4804
4236, 2767
4237, 545
4238, 2405
4239, 7072
4240, 4003
4241, 2807
4242, 2367
4243, 2339
4244, 3065
4245, 7114
4246, 2914
4247, 1737
4248, 8667
4249, 9108
4250, 2677
4251, 1449
4252, 7557
4253, 3579
4254, 9512
4255, 5068
4256, 8788
4257, 8115
4258, 1977
4259, 9592
4260, 8712
4261, 8656
4262, 101
4263, 8199
4264, 9806
4265, 7452
4266, 1298
4267, 2180
4268, 9332
4269, 6876
4270, 9085
4271, 1129
4272, 2988
4273, 4107
4274, 1540
4275, 194
4276, 7932
4277, 3148
4278, 1388
4279, 1276
4280, 4180
4281, 362
4282, 3576
4283, 8875
4284, 6574
4285, 8338
4286, 2628
4287, 7723
4288, 2134
4289, 6236
4290, 9954
4291, 2185
4292, 7058
4293, 4366
4294, 9835
4295, 267
4296, 6754
4297, 6530
4298, 2331
4299, 4702
4300, 1123
4301, 1714
4302, 7119
4303, 640
4304, 9234
4305, 9417
4306, 8246
4307, 6443
4308, 3872
4309, 8348
4310, 8087
4311, 2703
4312, 3634
4313, 4512
4314, 7479
4315, 7031
4316, 8640
4317, 3375
4318, 6224
4319, 7406
4320, 8209
4321, 5258
4322, 2432
4323, 2798
4324, 456
4325, 6857
4326, 1715
4327, 660
4328, 138
4329, 9384
4330, 1239
4331, 2995
4332, 8929
4333, 8033
4334, 1244
4335, 721
4336, 6419
4337, 8783
4338, 382
4339, 4487
4340, 8842
4341, 9574
4342, 4890
4343, 7685
4344, 7408
4345, 5298
4346, 4254
4347, 2732
4348, 6456
4349, 9968
4350, 1822
4351, 30
4352, 6466
4353, 5420
4354, 6809
4355, 1530
4356, 4742
4357, 2945
4358, 1648
4359, 3112
4360, 3751
4361, 9341
4362, 8787
4363, 4567
4364, 2479
4365, 9442
4366, 6883
4367, 3900
4368, 7622
4369, 4038
4370, 6903
4371, 4811
4372, 7589
4373, 7038
4374, 3455
4375, 9868
4376, 7274
4377, 195
4378, 1473
4379, 2646
4380, 1538
4381, 3105
4382, 8936
4383, 2848
4384, 7737
4385, 1771
4386, 9215
4387, 2047
4388, 7777
4389, 3593
4390, 9149
4391, 8047
4392, 881
4393, 3700
4394, 8519
4395, 4368
4396, 6924
4397, 9270
4398, 7054
4399, 181
4400, 1836
4401, 9674
4402, 9445
4403, 7520
4404, 2394
4405, 8072
4406, 9525
4407, 1157
4408, 2262
4409, 58
4410, 5740
4411, 1371
4412, 1002
4413, 2707
4414, 7819
4415, 2504
4416, 8079
4417, 4340
4418, 7650
4419, 3312
4420, 2854
4421, 9011
4422, 8766
4423, 108
4424, 3014
4425, 6292
4426, 8502
4427, 4094
4428, 5451
4429, 6720
4430, 5982
4431, 9392
4432, 9609
4433, 8986
4434, 122
4435, 2651
4436, 9271
4437, 595
4438, 9686
4439, 1986
4440, 1496
4441, 4194
4442, 10006
4443, 6555
4444, 968
4445, 2159
4446, 4873
4447, 7411
4448, 5935
4449, 2748
4450, 3182
4451, 1936
4452, 4222
4453, 9280
4454, 2506
4455, 5168
4456, 3336
4457, 7950
4458, 6970
4459, 2359
4460, 3976
4461, 7081
4462, 5914
4463, 8296
4464, 3717
4465, 8793
4466, 5841
4467, 9474
4468, 335
4469, 7850
4470, 2415
4471, 2524
4472, 8990
4473, 4307
4474, 643
4475, 9871
4476, 7911
4477, 8696
4478, 1923
4479, 8133
4480, 5799
4481, 556
4482, 1405
4483, 1550
4484, 5653
4485, 2912
4486, 4648
4487, 9671
4488, 8808
4489, 9026
4490, 1944
4491, 2585
4492, 5264
4493, 3706
4494, 9793
4495, 1356
4496, 7824
4497, 230
4498, 5569
4499, 5090
4500, 6788
4501, 7078
4502, 5277
4503, 9802
4504, 3267
4505, 3306
4506, 1580
4507, 2016
4508, 7866
4509, 9148
4510, 4499
4511, 1383
4512, 3550
4513, 6690
4514, 9619
4515, 4438
4516, 5109
4517, 4151
4518, 7547
4519, 8127
4520, 4525
4521, 3568
4522, 505
4523, 583
4524, 7138
4525, 8010
4526, 9703
4527, 2260
4528, 2969
4529, 6744
4530, 1071
4531, 7351
4532, 3202
4533, 2847
4534, 4189
4535, 2273
4536, 9065
4537, 218
4538, 3021
4539, 1107
4540, 4988
4541, 5144
4542, 8247
4543, 9991
4544, 3370
4545, 8498
4546, 9916
4547, 7459
4548, 6120
4549, 8673
4550, 375
4551, 9672
4552, 2349
4553, 8524
4554, 2094
4555, 4414
4556, 13
4557, 6192
4558, 3947
4559, 4259
4560, 458
4561, 3946
4562, 711
4563, 960
4564, 3796
4565, 8889
4566, 6211
4567, 1310
4568, 4728
4569, 3308
4570, 8676
4571, 1012
4572, 8166
4573, 2799
4574, 4004
4575, 6355
4576, 1865
4577, 2489
4578, 4894
4579, 1863
4580, 5400
4581, 5898
4582, 1563
4583, 1742
4584, 6393
4585, 6598
4586, 3427
4587, 587
4588, 1316
4589, 6002
4590, 296
4591, 9576
4592, 1979
4593, 6681
4594, 7708
4595, 8956
4596, 3759
4597, 7704
4598, 4771
4599, 5767
4600, 7104
4601, 7462
4602, 6757
4603, 7167
4604, 825
4605, 5152
4606, 6610
4607, 5975
4608, 4570
4609, 3116
4610, 7936
4611, 7333
4612, 9387
4613, 1876
4614, 1489
4615, 9379
4616, 3513
4617, 5505
4618, 8179
4619, 8895
4620, 7485
4621, 8305
4622, 5628
4623, 4275
4624, 7191
4625, 5921
4626, 3111
4627, 203
4628, 9843
4629, 8637
4630, 2738
4631, 7730
4632, 6956
4633, 2722
4634, 997
4635, 4981
4636, 322
4637, 1754
4638, 8941
4639, 574
4640, 5227
4641, 2521
4642, 8353
4643, 5813
4644, 193
4645, 4384
4646, 3650
4647, 1238
4648, 9454
4649, 9431
4650, 7883
4651, 9422
4652, 5972
4653, 3933
4654, 4622
4655, 7486
4656, 1846
4657, 5126
4658, 4425
4659, 9020
4660, 670
4661, 5597
4662, 4364
4663, 2739
4664, 1271
4665, 6454
4666, 2872
4667, 2826
4668, 9737
4669, 2808
4670, 5915
4671, 1837
4672, 3215
4673, 8943
4674, 7670
4675, 4223
4676, 2821
4677, 2004
4678, 5318
4679, 5165
4680, 2699
4681, 9456
4682, 6520
4683, 6879
4684, 9722
4685, 9630
4686, 3438
4687, 9594
4688, 5801
4689, 7652
4690, 401
4691, 1850
4692, 9311
4693, 2417
4694, 9620
4695, 7986
4696, 4607
4697, 4301
4698, 9376
4699, 2876
4700, 7011
4701, 7729
4702, 3408
4703, 3224
4704, 847
4705, 3152
4706, 5573
4707, 9275
4708, 4780
4709, 7678
4710, 2586
4711, 8812
4712, 3204
4713, 9943
4714, 3185
4715, 2573
4716, 2716
4717, 9730
4718, 7993
4719, 9429
4720, 787
4721, 419
4722, 5672
4723, 275
4724, 5117
4725, 2514
4726, 3531
4727, 9327
4728, 9150
4729, 1588
4730, 379
4731, 3850
4732, 341
4733, 9124
4734, 9410
4735, 3424
4736, 9957
4737, 2822
4738, 5552
4739, 4816
4740, 5315
4741, 4528
4742, 4205
4743, 9006
4744, 1033
4745, 2618
4746, 2264
4747, 7154
4748, 4736
4749, 1671
4750, 4660
4751, 2212
4752, 2784
4753, 819
4754, 3878
4755, 9622
4756, 5075
4757, 3603
4758, 4601
4759, 3027
4760, 2381
4761, 1976
4762, 6044
4763, 9214
4764, 8506
4765, 8279
4766, 3443
4767, 7320
4768, 3291
4769, 8402
4770, 9546
4771, 5616
4772, 1727
4773, 3208
4774, 4121
4775, 1177
4776, 3173
4777, 25
4778, 8740
4779, 7930
4780, 6059
4781, 2392
4782, 976
4783, 522
4784, 857
4785, 8611
4786, 553
4787, 768
4788, 3056
4789, 5203
4790, 7432
4791, 387
4792, 2213
4793, 6332
4794, 317
4795, 4028
4796, 1444
4797, 9831
4798, 6089
4799, 8762
4800, 5930
4801, 5022
4802, 5692
4803, 1186
4804, 5084
4805, 5514
4806, 83
4807, 4377
4808, 8835
4809, 4752
4810, 8404
4811, 6635
4812, 4612
4813, 2027
4814, 6866
4815, 3626
4816, 6149
4817, 1488
4818, 5831
4819, 4015
4820, 5355
4821, 6350
4822, 4139
4823, 4999
4824, 4144
4825, 2725
4826, 1634
4827, 3475
4828, 772
4829, 7241
4830, 3195
4831, 8032
4832, 7703
4833, 1223
4834, 6269
4835, 6954
4836, 5633
4837, 2001
4838, 4681
4839, 6671
4840, 2249
4841, 3969
4842, 2259
4843, 9428
4844, 7246
4845, 921
4846, 5522
4847, 8453
4848, 361
4849, 28
4850, 9377
4851, 6424
4852, 6509
4853, 7879
4854, 5237
4855, 7980
4856, 3333
4857, 7313
4858, 8476
4859, 1909
4860, 8496
4861, 2820
4862, 8463
4863, 5820
4864, 5015
4865, 870
4866, 4700
4867, 4034
4868, 2718
4869, 6819
4870, 6989
4871, 9729
4872, 4445
4873, 9931
4874, 637
4875, 8597
4876, 916
4877, 7796
4878, 956
4879, 9618
4880, 890
4881, 5611
4882, 4001
4883, 5718
4884, 3371
4885, 2039
4886, 9414
4887, 7609
4888, 7949
4889, 3422
4890, 2861
4891, 3826
4892, 5252
4893, 1158
4894, 5810
4895, 9563
4896, 5890
4897, 3200
4898, 5758
4899, 5193
4900, 1973
4901, 5407
4902, 713
4903, 8056
4904, 2792
4905, 9189
4906, 9869
4907, 815
4908, 9700
4909, 1623
4910, 4475
4911, 6294
4912, 5591
4913, 3090
4914, 5751
4915, 371
4916, 5487
4917, 4357
4918, 7924
4919, 4785
4920, 5404
4921, 76
4922, 9562
4923, 2342
4924, 3702
4925, 5608
4926, 3364
4927, 7224
4928, 2921
4929, 6559
4930, 5153
4931, 151
4932, 5473
4933, 4720
4934, 4945
4935, 2685
4936, 9819
4937, 3541
4938, 4779
4939, 4130
4940, 3088
4941, 8662
4942, 1375
4943, 5187
4944, 699
4945, 8419
4946, 9820
4947, 7089
4948, 4277
4949, 4280
4950, 4917
4951, 3411
4952, 3861
4953, 9348
4954, 3602
4955, 1053
4956, 3529
4957, 2231
4958, 147
4959, 1288
4960, 6728
4961, 4345
4962, 5376
4963, 802
4964, 3604
4965, 8149
4966, 2525
4967, 2531
4968, 3805
4969, 793
4970, 1693
4971, 2660
4972, 1175
4973, 6084
4974, 1029
4975, 8440
4976, 4272
4977, 6554
4978, 7427
4979, 2661
4980, 4723
4981, 5582
4982, 1179
4983, 262
4984, 9028
4985, 9040
4986, 1581
4987, 5564
4988, 7364
4989, 9298
4990, 6328
4991, 6139
4992, 6036
4993, 844
4994, 2515
4995, 7079
4996, 8825
4997, 9300
4998, 3417
4999, 5135
5000, 6336
5001, 4502
5002, 2020
5003, 2044
5004, 7140
5005, 5099
5006, 8699
5007, 2560
5008, 6627
5009, 6249
5010, 6043
5011, 5666
5012, 9008
5013, 8129
5014, 1614
5015, 2564
5016, 805
5017, 4241
5018, 6643
5019, 2975
5020, 8018
5021, 8066
5022, 8251
5023, 4169
5024, 1362
5025, 9098
5026, 7225
5027, 6469
5028, 6057
5029, 5303
5030, 1980
5031, 222
5032, 7206
5033, 9106
5034, 5588
5035, 2453
5036, 7257
5037, 9928
5038, 0
5039, 96
5040, 466
5041, 2309
5042, 6702
5043, 2160
5044, 8421
5045, 6909
5046, 6085
5047, 4577
5048, 7938
5049, 4422
5050, 8383
5051, 2176
5052, 5147
5053, 8884
5054, 8485
5055, 3820
5056, 3978
5057, 4170
5058, 4910
5059, 8596
5060, 7375
5061, 8298
5062, 806
5063, 7789
5064, 6141
5065, 3125
5066, 9847
5067, 2815
5068, 730
5069, 8330
5070, 4265
5071, 1732
5072, 934
5073, 1611
5074, 1927
5075, 2311
5076, 3791
5077, 1156
5078, 8721
5079, 560
5080, 5590
5081, 9549
5082, 6253
5083, 221
5084, 3658
5085, 9608
5086, 5438
5087, 624
5088, 2501
5089, 7442
5090, 5846
5091, 7200
5092, 7832
5093, 8600
5094, 1553
5095, 6290
5096, 1406
5097, 5098
5098, 5151
5099, 3062
5100, 6477
5101, 4420
5102, 1287
5103, 3180
5104, 4847
5105, 5226
5106, 8980
5107, 8855
5108, 5663
5109, 8371
5110, 9635
5111, 1164
5112, 7084
5113, 6551
5114, 6790
5115, 4167
5116, 4273
5117, 95
5118, 6925
5119, 2811
5120, 6552
5121, 331
5122, 3665
5123, 4423
5124, 1924
5125, 1674
5126, 5297
5127, 706
5128, 3234
5129, 6306
5130, 8139
5131, 7073
5132, 7551
5133, 2305
5134, 2517
5135, 4168
5136, 7821
5137, 9600
5138, 7075
5139, 4640
5140, 1301
5141, 2817
5142, 7826
5143, 7326
5144, 4565
5145, 5390
5146, 439
5147, 6583
5148, 242
5149, 8117
5150, 9073
5151, 8588
5152, 9012
5153, 2307
5154, 9613
5155, 3164
5156, 8121
5157, 3251
5158, 6580
5159, 9612
5160, 9623
5161, 8623
5162, 3101
5163, 4751
5164, 4856
5165, 7137
5166, 4462
5167, 198
5168, 2110
5169, 1140
5170, 1988
5171, 8592
5172, 3190
5173, 299
5174, 206
5175, 473
5176, 7131
5177, 3188
5178, 3210
5179, 1210
5180, 173
5181, 3473
5182, 3683
5183, 8245
5184, 2895
5185, 4374
5186, 8198
5187, 6258
5188, 7954
5189, 1148
5190, 351
5191, 4576
5192, 4390
5193, 4924
5194, 8233
5195, 347
5196, 391
5197, 6398
5198, 4324
5199, 917
5200, 1337
5201, 454
5202, 9768
5203, 2719
5204, 360
5205, 6487
5206, 9879
5207, 6274
5208, 4680
5209, 3123
5210, 2751
5211, 3819
5212, 430
5213, 4672
5214, 4760
5215, 6767
5216, 2619
5217, 5812
5218, 6652
5219, 4886
5220, 3500
5221, 9416
5222, 4698
5223, 6945
5224, 3722
5225, 6519
5226, 3331
5227, 217
5228, 9480
5229, 1609
5230, 4838
5231, 3315
5232, 3491
5233, 7505
5234, 9216
5235, 5595
5236, 7275
5237, 3743
5238, 971
5239, 2796
5240, 3367
5241, 7861
5242, 1415
5243, 7009
5244, 633
5245, 4412
5246, 2924
5247, 7196
5248, 3647
5249, 601
5250, 953
5251, 8981
5252, 2396
5253, 5161
5254, 8521
5255, 1457
5256, 5920
5257, 9570
5258, 705
5259, 9693
5260, 6808
5261, 7989
5262, 5244
5263, 2795
5264, 9826
5265, 8363
5266, 1265
5267, 5180
5268, 5884
5269, 1926
5270, 8770
5271, 4293
5272, 1006
5273, 6892
5274, 5811
5275, 3104
5276, 5388
5277, 3350
5278, 7587
5279, 9949
5280, 4459
5281, 9568
5282, 3616
5283, 690
5284, 6508
5285, 4331
5286, 5739
5287, 7830
5288, 1504
5289, 2557
5290, 5990
5291, 7755
5292, 5593
5293, 179
5294, 4747
5295, 671
5296, 9145
5297, 3862
5298, 2889
5299, 3100
5300, 1203
5301, 5358
5302, 6987
5303, 2633
5304, 5449
5305, 9631
5306, 6986
5307, 9092
5308, 5951
5309, 9481
5310, 5157
5311, 4336
5312, 3465
5313, 5320
5314, 2254
5315, 1695
5316, 9756
5317, 171
5318, 6384
5319, 4687
5320, 7945
5321, 9244
5322, 4869
5323, 3226
5324, 7943
5325, 2148
5326, 5873
5327, 2926
5328, 4285
5329, 2643
5330, 901
5331, 4611
5332, 8486
5333, 7368
5334, 3476
5335, 4320
5336, 6739
5337, 3345
5338, 9861
5339, 2452
5340, 3709
5341, 423
5342, 9857
5343, 8274
5344, 5717
5345, 9830
5346, 2541
5347, 9264
5348, 5780
5349, 3193
5350, 936
5351, 8707
5352, 923
5353, 2611
5354, 7449
5355, 661
5356, 3686
5357, 8882
5358, 1389
5359, 4824
5360, 3678
5361, 512
5362, 5405
5363, 3624
5364, 9060
5365, 2492
5366, 5531
5367, 357
5368, 5850
5369, 1378
5370, 5824
5371, 9200
5372, 8869
5373, 5300
5374, 1343
5375, 1728
5376, 6756
5377, 3619
5378, 1327
5379, 5002
5380, 4781
5381, 1219
5382, 2084
5383, 8962
5384, 5033
5385, 4692
5386, 5671
5387, 6734
5388, 5619
5389, 2364
5390, 1702
5391, 4571
5392, 6664
5393, 7434
5394, 7483
5395, 1209
5396, 6632
5397, 3975
5398, 3533
5399, 6416
5400, 8146
5401, 1888
5402, 4037
5403, 3355
5404, 5313
5405, 7439
5406, 5209
5407, 8706
5408, 7382
5409, 3113
5410, 7299
5411, 8839
5412, 8937
5413, 6396
5414, 7235
5415, 1921
5416, 1037
5417, 6803
5418, 256
5419, 7754
5420, 2045
5421, 681
5422, 4597
5423, 8849
5424, 4389
5425, 1376
5426, 8735
5427, 197
5428, 8569
5429, 1642
5430, 1838
5431, 6763
5432, 8441
5433, 7820
5434, 6052
5435, 7577
5436, 4490
5437, 9479
5438, 8068
5439, 5340
5440, 3165
5441, 1662
5442, 2749
5443, 6730
5444, 1434
5445, 4372
5446, 1102
5447, 7262
5448, 7654
5449, 7497
5450, 846
5451, 9611
5452, 6075
5453, 9125
5454, 2951
5455, 2922
5456, 100
5457, 4651
5458, 301
5459, 7302
5460, 9476
5461, 7431
5462, 6846
5463, 2715
5464, 6182
5465, 8495
5466, 9279
5467, 8965
5468, 5670
5469, 3186
5470, 6121
5471, 2214
5472, 9880
5473, 9822
5474, 4178
5475, 3273
5476, 4580
5477, 8575
5478, 2916
5479, 8833
5480, 7663
5481, 9408
5482, 6335
5483, 954
5484, 2522
5485, 1894
5486, 5311
5487, 343
5488, 6213
5489, 8406
5490, 3724
5491, 3608
5492, 2327
5493, 517
5494, 3131
5495, 1114
5496, 9810
5497, 1630
5498, 9297
5499, 2780
5500, 6641
5501, 5886
5502, 9022
5503, 7766
5504, 4593
5505, 4664
5506, 6397
5507, 776
5508, 1419
5509, 1187
5510, 8632
5511, 5012
5512, 233
5513, 6206
5514, 3584
5515, 7238
5516, 2558
5517, 9538
5518, 7253
5519, 5743
5520, 2008
5521, 9503
5522, 3157
5523, 3299
5524, 6765
5525, 5530
5526, 6816
5527, 6352
5528, 1228
5529, 3995
5530, 4444
5531, 6383
5532, 1139
5533, 8447
5534, 9094
5535, 3040
5536, 8477
5537, 5457
5538, 7994
5539, 2970
5540, 285
5541, 569
5542, 7501
5543, 5031
5544, 7603
5545, 6675
5546, 6434
5547, 1961
5548, 2859
5549, 6737
5550, 6256
5551, 858
5552, 2152
5553, 51
5554, 918
5555, 4885
5556, 9959
5557, 9918
5558, 4548
5559, 5116
5560, 8973
5561, 4033
5562, 9177
5563, 7321
5564, 6839
5565, 7900
5566, 9696
5567, 7445
5568, 6483
5569, 5694
5570, 8282
5571, 4080
5572, 5814
5573, 3741
5574, 3882
5575, 3800
5576, 3067
5577, 4203
5578, 1910
5579, 2037
5580, 2318
5581, 8613
5582, 7649
5583, 9771
5584, 3356
5585, 8861
5586, 6937
5587, 5359
5588, 528
5589, 2131
5590, 5599
5591, 1453
5592, 1735
5593, 1571
5594, 105
5595, 2377
5596, 7798
5597, 8052
5598, 8614
5599, 1190
5600, 9269
5601, 3506
5602, 683
5603, 1686
5604, 7845
5605, 4689
5606, 5034
5607, 8240
5608, 5169
5609, 6884
5610, 7448
5611, 7120
5612, 4188
5613, 8732
5614, 9567
5615, 68
5616, 1192
5617, 6358
5618, 2502
5619, 983
5620, 5344
5621, 7350
5622, 9661
5623, 3349
5624, 4039
5625, 444
5626, 4309
5627, 7739
5628, 8867
5629, 8211
5630, 2347
5631, 1428
5632, 3098
5633, 4114
5634, 6362
5635, 6687
5636, 8982
5637, 5944
5638, 4659
5639, 8671
5640, 3286
5641, 669
5642, 2049
5643, 4866
5644, 2589
5645, 9449
5646, 1698
5647, 386
5648, 8672
5649, 6834
5650, 167
5651, 2199
5652, 6695
5653, 7345
5654, 1928
5655, 5859
5656, 3289
5657, 1306
5658, 543
5659, 5316
5660, 8076
5661, 3703
5662, 9156
5663, 2862
5664, 7374
5665, 4750
5666, 1308
5667, 7639
5668, 4312
5669, 8376
5670, 7361
5671, 8661
5672, 7834
5673, 5689
5674, 549
5675, 6590
5676, 5064
5677, 4603
5678, 116
5679, 1377
5680, 2276
5681, 9702
5682, 8719
5683, 3471
5684, 6594
5685, 9249
5686, 2595
5687, 716
5688, 8693
5689, 1286
5690, 9639
5691, 5349
5692, 5076
5693, 7151
5694, 4099
5695, 3177
5696, 4210
5697, 6732
5698, 8530
5699, 3368
5700, 1402
5701, 913
5702, 7159
5703, 2462
5704, 9168
5705, 5410
5706, 1350
5707, 6550
5708, 3242
5709, 4669
5710, 4123
5711, 8273
5712, 2169
5713, 325
5714, 2391
5715, 7435
5716, 1024
5717, 707
5718, 6782
5719, 5804
5720, 8289
5721, 8902
5722, 2300
5723, 4791
5724, 6678
5725, 7071
5726, 455
5727, 3309
5728, 2217
5729, 510
5730, 8316
5731, 4628
5732, 8760
5733, 8841
5734, 6026
5735, 5392
5736, 7535
5737, 5579
5738, 542
5739, 1768
5740, 8578
5741, 3553
5742, 7327
5743, 8113
5744, 4888
5745, 589
5746, 8412
5747, 4998
5748, 596
5749, 3227
5750, 1484
5751, 1646
5752, 6023
5753, 4755
5754, 9041
5755, 5129
5756, 5062
5757, 7514
5758, 1120
5759, 1077
5760, 8625
5761, 190
5762, 3747
5763, 5156
5764, 788
5765, 3967
5766, 5170
5767, 425
5768, 6946
5769, 7270
5770, 6017
5771, 3481
5772, 2046
5773, 4229
5774, 4095
5775, 8999
5776, 6218
5777, 6132
5778, 1214
5779, 4358
5780, 1465
5781, 4283
5782, 5554
5783, 1905
5784, 4311
5785, 4828
5786, 7863
5787, 8511
5788, 6005
5789, 933
5790, 8070
5791, 2429
5792, 2161
5793, 1962
5794, 6407
5795, 6235
5796, 6406
5797, 2687
5798, 6908
5799, 2537
5800, 5079
5801, 7788
5802, 2593
5803, 3627
5804, 9697
5805, 986
5806, 5981
5807, 5844
5808, 104
5809, 8836
5810, 8300
5811, 7902
5812, 6785
5813, 6441
5814, 6783
5815, 9352
5816, 7787
5817, 9052
5818, 4129
5819, 9547
5820, 9164
5821, 1225
5822, 3358
5823, 5950
5824, 5933
5825, 5659
5826, 4186
5827, 1636
5828, 564
5829, 9775
5830, 7541
5831, 6853
5832, 7537
5833, 2668
5834, 9545
5835, 2068
5836, 2229
5837, 3058
5838, 2292
5839, 6428
5840, 687
5841, 5871
5842, 5837
5843, 5289
5844, 2343
5845, 7250
5846, 5106
5847, 3514
5848, 9053
5849, 7677
5850, 9045
5851, 9314
5852, 3054
5853, 8114
5854, 8436
5855, 87
5856, 8562
5857, 6827
5858, 5352
5859, 5713
5860, 5645
5861, 4549
5862, 8664
5863, 8471
5864, 4183
5865, 999
5866, 2070
5867, 9325
5868, 2054
5869, 2592
5870, 79
5871, 192
5872, 836
5873, 4152
5874, 1088
5875, 7625
5876, 4675
5877, 5397
5878, 5261
5879, 3069
5880, 1292
5881, 906
5882, 2337
5883, 5976
5884, 8118
5885, 2614
5886, 8086
5887, 9162
5888, 4136
5889, 4362
5890, 5650
5891, 2275
5892, 6154
5893, 9221
5894, 3321
5895, 4765
5896, 4493
5897, 109
5898, 6562
5899, 5790
5900, 8652
5901, 5923
5902, 200
5903, 9206
5904, 136
5905, 2288
5906, 2243
5907, 2695
5908, 5271
5909, 8528
5910, 6279
5911, 2406
5912, 613
5913, 3501
5914, 2957
5915, 4196
5916, 7095
5917, 5551
5918, 1268
5919, 5817
5920, 4378
5921, 2376
5922, 4250
5923, 8554
5924, 8464
5925, 9368
5926, 4513
5927, 1020
5928, 6529
5929, 8790
5930, 5204
5931, 973
5932, 9892
5933, 2363
5934, 8161
5935, 5073
5936, 6514
5937, 5605
5938, 2727
5939, 8730
5940, 2471
5941, 1072
5942, 892
5943, 2700
5944, 2997
5945, 6018
5946, 7029
5947, 1544
5948, 4379
5949, 5924
5950, 3748
5951, 8704
5952, 286
5953, 4117
5954, 6999
5955, 5181
5956, 9432
5957, 1424
5958, 8920
5959, 6122
5960, 5762
5961, 9378
5962, 9972
5963, 6007
5964, 8029
5965, 7066
5966, 2729
5967, 5819
5968, 1467
5969, 1372
5970, 4550
5971, 2205
5972, 7969
5973, 4333
5974, 2828
5975, 6826
5976, 1804
5977, 6215
5978, 5495
5979, 2720
5980, 3908
5981, 5985
5982, 22
5983, 8103
5984, 9436
5985, 5609
5986, 6912
5987, 6722
5988, 3071
5989, 8388
5990, 9909
5991, 2637
5992, 9634
5993, 7623
5994, 7586
5995, 6401
5996, 4961
5997, 9418
5998, 1787
5999, 5941
6000, 4022
6001, 170
6002, 2836
6003, 5189
6004, 7795
6005, 7415
6006, 113
6007, 740
6008, 3782
6009, 9252
6010, 3232
6011, 9217
6012, 9143
6013, 6773
6014, 3893
6015, 2800
6016, 7552
6017, 5853
6018, 2015
6019, 4318
6020, 9650
6021, 4349
6022, 9561
6023, 8801
6024, 4204
6025, 5458
6026, 1535
6027, 2468
6028, 435
6029, 2398
6030, 2250
6031, 7517
6032, 1757
6033, 9578
6034, 9075
6035, 5677
6036, 8008
6037, 2607
6038, 3264
6039, 2669
6040, 3086
6041, 1566
6042, 2379
6043, 4887
6044, 7048
6045, 8914
6046, 4848
6047, 8774
6048, 8478
6049, 9005
6050, 7492
6051, 3120
6052, 2114
6053, 5325
6054, 9987
6055, 9192
6056, 499
6057, 9316
6058, 143
6059, 7110
6060, 8736
6061, 3745
6062, 8067
6063, 1792
6064, 3667
6065, 1512
6066, 920
6067, 1974
6068, 8955
6069, 211
6070, 8206
6071, 4621
6072, 3938
6073, 2348
6074, 4976
6075, 2596
6076, 4264
6077, 8191
6078, 1436
6079, 1461
6080, 98
6081, 7562
6082, 1305
6083, 7002
6084, 5818
6085, 7926
6086, 1874
6087, 4400
6088, 376
6089, 3213
6090, 1847
6091, 8674
6092, 3923
6093, 9170
6094, 2499
6095, 346
6096, 6850
6097, 6900
6098, 4174
6099, 9095
6100, 6588
6101, 7975
6102, 5607
6103, 9823
6104, 7726
6105, 2771
6106, 4730
6107, 397
6108, 7672
6109, 1312
6110, 1817
6111, 2304
6112, 8976
6113, 4670
6114, 7671
6115, 7771
6116, 2319
6117, 2154
6118, 7147
6119, 9921
6120, 5185
6121, 3610
6122, 9423
6123, 9520
6124, 3431
6125, 4772
6126, 9315
6127, 6602
6128, 7612
6129, 8586
6130, 1916
6131, 3311
6132, 9313
6133, 9513
6134, 8616
6135, 8286
6136, 8265
6137, 3806
6138, 4341
6139, 1191
6140, 2810
6141, 3004
6142, 833
6143, 3515
6144, 2594
6145, 7175
6146, 9195
6147, 1136
6148, 7810
6149, 593
6150, 2590
6151, 2990
6152, 1196
6153, 536
6154, 494
6155, 1583
6156, 2653
6157, 6360
6158, 9598
6159, 9986
6160, 5644
6161, 1001
6162, 9166
6163, 8321
6164, 2354
6165, 6250
6166, 9591
6167, 5164
6168, 9158
6169, 9958
6170, 6370
6171, 5050
6172, 4966
6173, 7144
6174, 9284
6175, 6691
6176, 3160
6177, 3936
6178, 5259
6179, 5980
6180, 2296
6181, 606
6182, 8686
6183, 6471
6184, 3146
6185, 4299
6186, 2280
6187, 3880
6188, 6711
6189, 4071
6190, 3903
6191, 8259
6192, 2532
6193, 7353
6194, 291
6195, 1843
6196, 4489
6197, 5931
6198, 8570
6199, 5190
6200, 1336
6201, 6913
6202, 263
6203, 2569
6204, 8538
6205, 1731
6206, 7393
6207, 2113
6208, 1777
6209, 482
6210, 9042
6211, 8677
6212, 4560
6213, 7664
6214, 2949
6215, 5833
6216, 1104
6217, 4351
6218, 6650
6219, 7797
6220, 4504
6221, 9116
6222, 1040
6223, 7440
6224, 8757
6225, 8204
6226, 7532
6227, 4942
6228, 2048
6229, 1318
6230, 3091
6231, 9299
6232, 9876
6233, 5637
6234, 6186
6235, 2673
6236, 7271
6237, 9565
6238, 2979
6239, 2196
6240, 6058
6241, 8851
6242, 1478
6243, 372
6244, 9035
6245, 3855
6246, 8074
6247, 6614
6248, 153
6249, 2562
6250, 3716
6251, 5245
6252, 6343
6253, 9324
6254, 8513
6255, 3094
6256, 9936
6257, 8370
6258, 6087
6259, 1666
6260, 6934
6261, 4722
6262, 2034
6263, 1681
6264, 112
6265, 7199
6266, 4284
6267, 9102
6268, 1403
6269, 4461
6270, 6657
6271, 2612
6272, 990
6273, 159
6274, 3836
6275, 704
6276, 6145
6277, 7310
6278, 7839
6279, 3415
6280, 8046
6281, 7340
6282, 4202
6283, 8369
6284, 2539
6285, 2168
6286, 6784
6287, 2893
6288, 7285
6289, 9202
6290, 5958
6291, 4296
6292, 1643
6293, 5386
6294, 6261
6295, 8591
6296, 9649
6297, 801
6298, 56
6299, 8651
6300, 2375
6301, 702
6302, 9056
6303, 8314
6304, 7539
6305, 9764
6306, 8541
6307, 2368
6308, 5887
6309, 2563
6310, 7264
6311, 4743
6312, 6493
6313, 1146
6314, 3262
6315, 5580
6316, 4090
6317, 1266
6318, 8728
6319, 5382
6320, 2076
6321, 592
6322, 9049
6323, 3492
6324, 1046
6325, 8714
6326, 5745
6327, 9104
6328, 8499
6329, 3457
6330, 6957
6331, 6270
6332, 495
6333, 5131
6334, 2151
6335, 6510
6336, 1420
6337, 4735
6338, 8130
6339, 5162
6340, 2062
6341, 955
6342, 6070
6343, 1392
6344, 5461
6345, 2172
6346, 962
6347, 885
6348, 7885
6349, 6511
6350, 4968
6351, 4233
6352, 8280
6353, 6991
6354, 6818
6355, 3441
6356, 224
6357, 4295
6358, 8102
6359, 5888
6360, 6111
6361, 6762
6362, 4893
6363, 8322
6364, 5902
6365, 5748
6366, 9741
6367, 6993
6368, 3907
6369, 2437
6370, 524
6371, 7953
6372, 7607
6373, 853
6374, 4426
6375, 2561
6376, 168
6377, 5747
6378, 6193
6379, 7495
6380, 3757
6381, 608
6382, 5775
6383, 5467
6384, 3446
6385, 7957
6386, 1785
6387, 8852
6388, 5026
6389, 9877
6390, 9185
6391, 5684
6392, 2823
6393, 9100
6394, 4314
6395, 5465
6396, 6357
6397, 8961
6398, 1485
6399, 5194
6400, 5521
6401, 4905
6402, 863
6403, 9885
6404, 7548
6405, 1668
6406, 4023
6407, 3718
6408, 2334
6409, 5339
6410, 9624
6411, 2164
6412, 2599
6413, 4901
6414, 6685
6415, 1886
6416, 6948
6417, 4359
6418, 5013
6419, 3781
6420, 5704
6421, 3734
6422, 9067
6423, 7314
6424, 2017
6425, 1407
6426, 8646
6427, 4649
6428, 3212
6429, 8306
6430, 9176
6431, 3773
6432, 7341
6433, 7750
6434, 7867
6435, 2689
6436, 3997
6437, 1533
6438, 5379
6439, 1439
6440, 2098
6441, 8599
6442, 8012
6443, 6792
6444, 1256
6445, 3269
6446, 395
6447, 576
6448, 2316
6449, 1517
6450, 8653
6451, 9471
6452, 9705
6453, 9356
6454, 1965
6455, 7044
6456, 4729
6457, 6856
6458, 8174
6459, 1162
6460, 9995
6461, 7555
6462, 6490
6463, 509
6464, 4768
6465, 5130
6466, 8610
6467, 7012
6468, 1270
6469, 2906
6470, 3374
6471, 2676
6472, 7908
6473, 8059
6474, 3429
6475, 7683
6476, 312
6477, 6302
6478, 3954
6479, 9081
6480, 6951
6481, 4996
6482, 3507
6483, 4231
6484, 1184
6485, 7995
6486, 6518
6487, 9790
6488, 719
6489, 9330
6490, 9787
6491, 82
6492, 829
6493, 9337
6494, 4602
6495, 6575
6496, 1879
6497, 2126
6498, 7873
6499, 3963
6500, 985
6501, 2433
6502, 6346
6503, 9961
6504, 7007
6505, 3544
6506, 5416
6507, 2624
6508, 3538
6509, 4142
6510, 5636
6511, 2638
6512, 3175
6513, 7121
6514, 7736
6515, 8230
6516, 9717
6517, 1897
6518, 5948
6519, 8844
6520, 6663
6521, 3886
6522, 7985
6523, 1059
6524, 4803
6525, 9226
6526, 1047
6527, 2255
6528, 5243
6529, 9254
6530, 321
6531, 8213
6532, 9443
6533, 424
6534, 3398
6535, 7772
6536, 5867
6537, 1652
6538, 7297
6539, 1743
6540, 9941
6541, 6096
6542, 3577
6543, 2416
6544, 6072
6545, 8488
6546, 4457
6547, 2472
6548, 4620
6549, 390
6550, 2850
6551, 4826
6552, 767
6553, 9515
6554, 5705
6555, 7282
6556, 8565
6557, 7464
6558, 3846
6559, 6163
6560, 1125
6561, 8810
6562, 6115
6563, 940
6564, 2885
6565, 8922
6566, 3211
6567, 4758
6568, 9678
6569, 3623
6570, 5512
6571, 2994
6572, 5381
6573, 8535
6574, 1094
6575, 8899
6576, 1663
6577, 6297
6578, 6228
6579, 1584
6580, 6201
6581, 5858
6582, 9748
6583, 1808
6584, 393
6585, 3487
6586, 3320
6587, 1217
6588, 4995
6589, 9966
6590, 4733
6591, 1034
6592, 6166
6593, 1762
6594, 7304
6595, 6565
6596, 6427
6597, 7146
6598, 6373
6599, 5687
6600, 3460
6601, 7594
6602, 4764
6603, 945
6604, 611
6605, 6412
6606, 3961
6607, 3896
6608, 3437
6609, 6046
6610, 6303
6611, 7502
6612, 8579
6613, 7101
6614, 6825
6615, 8263
6616, 6717
6617, 5345
6618, 891
6619, 9159
6620, 3499
6621, 5868
6622, 5200
6623, 6795
6624, 1893
6625, 1763
6626, 845
6627, 6063
6628, 6577
6629, 8975
6630, 1122
6631, 8173
6632, 7621
6633, 490
6634, 7405
6635, 4661
6636, 5760
6637, 2282
6638, 969
6639, 5707
6640, 4371
6641, 7561
6642, 7764
6643, 7504
6644, 5668
6645, 6097
6646, 7125
6647, 1914
6648, 6222
6649, 310
6650, 9213
6651, 4958
6652, 8781
6653, 3293
6654, 5491
6655, 8542
6656, 5916
6657, 5385
6658, 2713
6659, 9093
6660, 9499
6661, 8979
6662, 5307
6663, 6165
6664, 8221
6665, 7806
6666, 6415
6667, 4598
6668, 2390
6669, 3887
6670, 1526
6671, 557
6672, 4953
6673, 1048
6674, 5803
6675, 4741
6676, 9404
6677, 2150
6678, 2962
6679, 1922
6680, 4585
6681, 6301
6682, 406
6683, 9583
6684, 6801
6685, 3167
6686, 8758
6687, 1745
6688, 7030
6689, 5092
6690, 3877
6691, 6074
6692, 5577
6693, 3453
6694, 2772
6695, 8278
6696, 9902
6697, 7822
6698, 3141
6699, 6573
6700, 4790
6701, 3130
6702, 7573
6703, 305
6704, 1480
6705, 7468
6706, 8031
6707, 4155
6708, 1725
6709, 6119
6710, 5125
6711, 877
6712, 9522
6713, 520
6714, 3768
6715, 9615
6716, 253
6717, 7117
6718, 3551
6719, 231
6720, 9117
6721, 4588
6722, 6938
6723, 8907
6724, 26
6725, 2281
6726, 7428
6727, 6209
6728, 4221
6729, 5732
6730, 3008
6731, 5018
6732, 1507
6733, 3194
6734, 4484
6735, 8205
6736, 1073
6737, 4440
6738, 2198
6739, 3147
6740, 7847
6741, 1778
6742, 4030
6743, 8540
6744, 8827
6745, 6389
6746, 2413
6747, 5435
6748, 9994
6749, 4007
6750, 6992
6751, 359
6752, 2939
6753, 374
6754, 6124
6755, 2851
6756, 8374
6757, 265
6758, 9665
6759, 7534
6760, 2031
6761, 1044
6762, 1618
6763, 6749
6764, 8804
6765, 4841
6766, 3952
6767, 1985
6768, 7955
6769, 4696
6770, 9856
6771, 4726
6772, 6219
6773, 9680
6774, 712
6775, 4508
6776, 3294
6777, 9039
6778, 8040
6779, 6066
6780, 7214
6781, 7469
6782, 1572
6783, 3653
6784, 1875
6785, 7948
6786, 9881
6787, 3363
6788, 3676
6789, 3423
6790, 6409
6791, 3324
6792, 5402
6793, 2987
6794, 559
6795, 2042
6796, 44
6797, 6103
6798, 8399
6799, 8909
6800, 7122
6801, 1277
6802, 7728
6803, 9867
6804, 3726
6805, 697
6806, 1323
6807, 817
6808, 6789
6809, 619
6810, 4775
6811, 9952
6812, 5096
6813, 8062
6814, 4066
6815, 6177
6816, 762
6817, 1782
6818, 8215
6819, 6532
6820, 9427
6821, 3698
6822, 1423
6823, 5372
6824, 6624
6825, 5612
6826, 7549
6827, 5216
6828, 3521
6829, 3868
6830, 4163
6831, 88
6832, 2103
6833, 6325
6834, 5502
6835, 7542
6836, 394
6837, 7035
6838, 2818
6839, 1367
6840, 6824
6841, 4715
6842, 7219
6843, 5195
6844, 9069
6845, 4403
6846, 1013
6847, 1707
6848, 2297
6849, 4154
6850, 8184
6851, 6621
6852, 4975
6853, 9055
6854, 4766
6855, 8041
6856, 9614
6857, 6712
6858, 7619
6859, 3401
6860, 8409
6861, 4361
6862, 2102
6863, 2777
6864, 6004
6865, 7392
6866, 8572
6867, 2279
6868, 332
6869, 7213
6870, 3921
6871, 2074
6872, 3503
6873, 46
6874, 3192
6875, 7395
6876, 9209
6877, 773
6878, 782
6879, 2693
6880, 8182
6881, 9532
6882, 5979
6883, 8755
6884, 1108
6885, 8536
6886, 4642
6887, 8397
6888, 1813
6889, 8126
6890, 977
6891, 4070
6892, 355
6893, 8761
6894, 2382
6895, 5524
6896, 5542
6897, 9364
6898, 328
6899, 3028
6900, 5929
6901, 1474
6902, 6194
6903, 1036
6904, 3255
6905, 758
6906, 7604
6907, 216
6908, 5932
6909, 2111
6910, 4688
6911, 1486
6912, 8742
6913, 5019
6914, 5055
6915, 2692
6916, 4634
6917, 27
6918, 5829
6919, 6926
6920, 6359
6921, 6050
6922, 481
6923, 5494
6924, 9179
6925, 4410
6926, 5835
6927, 8200
6928, 3347
6929, 6950
6930, 1448
6931, 4009
6932, 4081
6933, 9362
6934, 3239
6935, 4032
6936, 5629
6937, 7823
6938, 6689
6939, 6071
6940, 4940
6941, 4959
6942, 2322
6943, 2791
6944, 5641
6945, 364
6946, 665
6947, 7871
6948, 6874
6949, 1989
6950, 2133
6951, 2688
6952, 449
6953, 2035
6954, 5229
6955, 9617
6956, 7349
6957, 6113
6958, 3851
6959, 3889
6960, 8622
6961, 9560
6962, 5253
6963, 4706
6964, 5308
6965, 9713
6966, 7719
6967, 7956
6968, 8244
6969, 9354
6970, 4876
6971, 8048
6972, 4429
6973, 3198
6974, 8669
6975, 6197
6976, 1673
6977, 1749
6978, 1208
6979, 3084
6980, 4477
6981, 3383
6982, 4587
6983, 3390
6984, 9409
6985, 9883
6986, 452
6987, 2672
6988, 3723
6989, 60
6990, 2829
6991, 367
6992, 1302
6993, 6365
6994, 7324
6995, 7476
6996, 6394
6997, 139
6998, 2925
6999, 737
7000, 3145
7001, 751
7002, 2782
7003, 3730
7004, 4882
7005, 9322
7006, 1417
7007, 4098
7008, 9636
7009, 4712
7010, 6582
7011, 6701
7012, 8619
7013, 8923
7014, 6759
7015, 4256
7016, 9828
7017, 5452
7018, 261
7019, 5480
7020, 9542
7021, 1431
7022, 3735
7023, 2608
7024, 6812
7025, 2167
7026, 3236
7027, 3395
7028, 7135
7029, 7373
7030, 1202
7031, 1810
7032, 7489
7033, 2483
7034, 3620
7035, 4875
7036, 4500
7037, 4931
7038, 3048
7039, 6840
7040, 1441
7041, 9194
7042, 7595
7043, 8312
7044, 443
7045, 761
7046, 8241
7047, 8717
7048, 6382
7049, 7598
7050, 8949
7051, 8944
7052, 1211
7053, 3721
7054, 2971
7055, 3833
7056, 67
7057, 7651
7058, 6860
7059, 2352
7060, 9161
7061, 588
7062, 4864
7063, 5500
7064, 446
7065, 1398
7066, 6735
7067, 9167
7068, 1862
7069, 1852
7070, 6400
7071, 1413
7072, 9920
7073, 1637
7074, 4112
7075, 9273
7076, 7691
7077, 8682
7078, 2286
7079, 5154
7080, 3699
7081, 4971
7082, 4870
7083, 6774
7084, 7441
7085, 2298
7086, 7702
7087, 7682
7088, 6771
7089, 6804
7090, 3804
7091, 7252
7092, 2195
7093, 2510
7094, 9353
7095, 1328
7096, 8550
7097, 4279
7098, 1369
7099, 3913
7100, 3711
7101, 7519
7102, 8853
7103, 8574
7104, 9375
7105, 9335
7106, 7513
7107, 7579
7108, 1579
7109, 8475
7110, 8368
7111, 8998
7112, 2670
7113, 6634
7114, 1064
7115, 2529
7116, 6716
7117, 1797
7118, 1393
7119, 9009
7120, 1670
7121, 1112
7122, 2714
7123, 2634
7124, 8997
7125, 9129
7126, 7136
7127, 914
7128, 700
7129, 1960
7130, 9318
7131, 7239
7132, 6106
7133, 9036
7134, 7403
7135, 7572
7136, 6764
7137, 1982
7138, 7318
7139, 6202
7140, 9406
7141, 9246
7142, 1958
7143, 2222
7144, 8243
7145, 5806
7146, 5378
7147, 7898
7148, 2600
7149, 8449
7150, 6183
7151, 2036
7152, 8777
7153, 9115
7154, 7499
7155, 7942
7156, 8607
7157, 6375
7158, 2776
7159, 2456
7160, 7894
7161, 8422
7162, 450
7163, 5583
7164, 4727
7165, 9767
7166, 9178
7167, 862
7168, 6337
7169, 8050
7170, 1518
7171, 2194
7172, 8969
7173, 9855
7174, 1178
7175, 6721
7176, 9530
7177, 8890
7178, 9759
7179, 808
7180, 4878
7181, 5137
7182, 3425
7183, 3498
7184, 2320
7185, 5702
7186, 6645
7187, 64
7188, 7014
7189, 8366
7190, 1902
7191, 3674
7192, 6334
7193, 7413
7194, 3024
7195, 1744
7196, 3482
7197, 5594
7198, 3727
7199, 4245
7200, 821
7201, 967
7202, 8618
7203, 5375
7204, 7261
7205, 4106
7206, 7999
7207, 696
7208, 7782
7209, 1319
7210, 6639
7211, 8797
7212, 19
7213, 7466
7214, 935
7215, 5159
7216, 1425
7217, 2461
7218, 5620
7219, 5912
7220, 1200
7221, 4721
7222, 8493
7223, 2183
7224, 9969
7225, 5370
7226, 9535
7227, 6616
7228, 7249
7229, 1558
7230, 4016
7231, 8903
7232, 5848
7233, 4289
7234, 6828
7235, 8900
7236, 5211
7237, 5795
7238, 6378
7239, 3413
7240, 950
7241, 8344
7242, 3902
7243, 4711
7244, 3034
7245, 7203
7246, 8469
7247, 7094
7248, 2003
7249, 1770
7250, 5667
7251, 2549
7252, 7627
7253, 1764
7254, 4393
7255, 5561
7256, 6727
7257, 797
7258, 5878
7259, 652
7260, 1775
7261, 3393
7262, 39
7263, 8377
7264, 902
7265, 8159
7266, 7984
7267, 7518
7268, 5305
7269, 9076
7270, 9225
7271, 7506
7272, 2757
7273, 5093
7274, 7425
7275, 5572
7276, 5727
7277, 5282
7278, 7528
7279, 757
7280, 4056
7281, 718
7282, 5782
7283, 282
7284, 9939
7285, 9007
7286, 4581
7287, 2116
7288, 2414
7289, 8983
7290, 9492
7291, 4157
7292, 8821
7293, 5115
7294, 5425
7295, 4535
7296, 9027
7297, 5492
7298, 2083
7299, 5414
7300, 5535
7301, 4542
7302, 3842
7303, 1978
7304, 3133
7305, 8210
7306, 8806
7307, 1930
7308, 2948
7309, 2285
7310, 1606
7311, 4201
7312, 4821
7313, 3041
7314, 2018
7315, 4955
7316, 8144
7317, 4799
7318, 5041
7319, 3055
7320, 1655
7321, 7934
7322, 237
7323, 384
7324, 1576
7325, 7838
7326, 9874
7327, 8548
7328, 7190
7329, 2373
7330, 3613
7331, 53
7332, 8014
7333, 3881
7334, 252
7335, 3569
7336, 4053
7337, 81
7338, 7288
7339, 9839
7340, 4452
7341, 4746
7342, 7130
7343, 9647
7344, 3712
7345, 1060
7346, 8351
7347, 8724
7348, 1197
7349, 4084
7350, 9999
7351, 1733
7352, 4482
7353, 1109
7354, 2077
7355, 4140
7356, 8547
7357, 3642
7358, 2875
7359, 3463
7360, 8231
7361, 3258
7362, 1395
7363, 6098
7364, 666
7365, 1412
7366, 6372
7367, 2139
7368, 3962
7369, 7444
7370, 2935
7371, 6196
7372, 8132
7373, 2251
7374, 1058
7375, 1255
7376, 9728
7377, 897
7378, 426
7379, 487
7380, 6768
7381, 6167
7382, 5310
7383, 6802
7384, 6715
7385, 8256
7386, 1895
7387, 8859
7388, 9848
7389, 6363
7390, 228
7391, 8480
7392, 6094
7393, 6488
7394, 3420
7395, 5772
7396, 4830
7397, 4952
7398, 7507
7399, 6305
7400, 4591
7401, 7575
7402, 7401
7403, 476
7404, 7768
7405, 1682
7406, 3660
7407, 6697
7408, 4434
7409, 924
7410, 6159
7411, 6947
7412, 811
7413, 5515
7414, 3631
7415, 3875
7416, 8985
7417, 6581
7418, 3153
7419, 9121
7420, 8773
7421, 4930
7422, 9507
7423, 7342
7424, 1291
7425, 7365
7426, 2839
7427, 5826
7428, 6289
7429, 7865
7430, 5600
7431, 5001
7432, 1233
7433, 1721
7434, 1934
7435, 7133
7436, 277
7437, 2206
7438, 1510
7439, 3831
7440, 2978
7441, 8655
7442, 6560
7443, 8701
7444, 9656
7445, 5623
7446, 6549
7447, 9701
7448, 5171
7449, 3973
7450, 6444
7451, 7420
7452, 7846
7453, 8237
7454, 4532
7455, 8390
7456, 6998
7457, 1633
7458, 9934
7459, 1274
7460, 7091
7461, 1366
7462, 3276
7463, 5217
7464, 7069
7465, 3366
7466, 4313
7467, 1917
7468, 6859
7469, 8811
7470, 9663
7471, 438
7472, 3035
7473, 744
7474, 7967
7475, 7244
7476, 3832
7477, 6526
7478, 8153
7479, 6710
7480, 523
7481, 4405
7482, 8109
7483, 703
7484, 2597
7485, 7812
7486, 7689
7487, 1586
7488, 3290
7489, 4854
7490, 41
7491, 5466
7492, 9905
7493, 8459
7494, 1635
7495, 7023
7496, 270
7497, 7391
7498, 5024
7499, 2781
7500, 182
7501, 5384
7502, 9172
7503, 9595
7504, 9349
7505, 7150
7506, 551
7507, 3679
7508, 4060
7509, 4903
7510, 3774
7511, 882
7512, 7248
7513, 8017
7514, 4518
7515, 8753
7516, 4019
7517, 9540
7518, 4342
7519, 4739
7520, 2308
7521, 3154
7522, 2662
7523, 8271
7524, 5080
7525, 1329
7526, 2091
7527, 3777
7528, 1519
7529, 5742
7530, 8467
7531, 10005
7532, 3007
7533, 1470
7534, 2009
7535, 3044
7536, 2655
7537, 3449
7538, 8594
7539, 279
7540, 9302
7541, 506
7542, 4131
7543, 6636
7544, 8160
7545, 1525
7546, 7016
7547, 5455
7548, 898
7549, 3974
7550, 9992
7551, 6918
7552, 7996
7553, 59
7554, 9288
7555, 869
7556, 1152
7557, 4536
7558, 2568
7559, 4990
7560, 2233
7561, 7243
7562, 284
7563, 7028
7564, 8003
7565, 4881
7566, 5774
7567, 1919
7568, 3948
7569, 7807
7570, 9963
7571, 4096
7572, 2540
7573, 5716
7574, 6282
7575, 3043
7576, 9114
7577, 3951
7578, 8444
7579, 8457
7580, 4546
7581, 8027
7582, 9977
7583, 3733
7584, 5519
7585, 7816
7586, 1867
7587, 9585
7588, 3890
7589, 2163
7590, 9058
7591, 5403
7592, 6535
7593, 57
7594, 2192
7595, 1873
7596, 852
7597, 878
7598, 3063
7599, 18
7600, 3918
7601, 1437
7602, 5009
7603, 9603
7604, 7712
7605, 3134
7606, 1751
7607, 8304
7608, 2080
7609, 4777
7610, 7041
7611, 4092
7612, 8362
7613, 7724
7614, 5682
7615, 5734
7616, 97
7617, 4014
7618, 1807
7619, 6852
7620, 3989
7621, 3170
7622, 9395
7623, 239
7624, 7480
7625, 572
7626, 8138
7627, 3525
7628, 8053
7629, 2155
7630, 688
7631, 9419
7632, 5335
7633, 5439
7634, 4172
7635, 1999
7636, 7592
7637, 7675
7638, 1949
7639, 311
7640, 2754
7641, 4456
7642, 8931
7643, 5122
7644, 240
7645, 1021
7646, 70
7647, 8288
7648, 5354
7649, 2802
7650, 4641
7651, 4849
7652, 2315
7653, 7976
7654, 9155
7655, 9321
7656, 7876
7657, 4600
7658, 9486
7659, 2883
7660, 1826
7661, 4215
7662, 4458
7663, 6020
7664, 4118
7665, 540
7666, 4679
7667, 9582
7668, 3253
7669, 3669
7670, 8608
7671, 9923
7672, 2274
7673, 2606
7674, 9723
7675, 3171
7676, 2936
7677, 9744
7678, 7630
7679, 2401
7680, 2887
7681, 6011
7682, 2207
7683, 5058
7684, 3329
7685, 3128
7686, 477
7687, 1309
7688, 1180
7689, 3810
7690, 8526
7691, 9190
7692, 3410
7693, 313
7694, 9850
7695, 3452
7696, 9231
7697, 8780
7698, 9752
7699, 5993
7700, 8392
7701, 4087
7702, 629
7703, 227
7704, 4932
7705, 6596
7706, 6338
7707, 1591
7708, 1016
7709, 2344
7710, 791
7711, 4604
7712, 3664
7713, 875
7714, 2426
7715, 1524
